Tx 0.0228043 1 1 1 29 
Rx 0.0234915 1 1 3 1054 480560
Tx 0.024011 1 1 3 1054 
Rx 0.0244416 1 1 3 1054 430640
Tx 0.025011 1 1 3 1054 
Rx 0.0254291 1 1 3 1054 418160
Tx 0.026011 1 1 3 1054 
Rx 0.0264291 1 1 3 1054 418160
Tx 0.027011 1 1 3 1054 
Rx 0.0274291 1 1 3 1054 418160
Tx 0.028011 1 1 3 1054 
Rx 0.0284291 1 1 3 1054 418160
Tx 0.029011 1 1 3 1054 
Tx 0.030011 1 1 3 1054 
Tx 0.031011 1 1 3 1054 
Tx 0.032011 1 1 3 1054 
Tx 0.033011 1 1 3 1054 
Tx 0.034011 1 1 3 1054 
Tx 0.035011 1 1 3 1054 
Tx 0.036011 1 1 3 1054 
Tx 0.037011 1 1 3 1054 
Tx 0.038011 1 1 3 1054 
Tx 0.039011 1 1 3 1054 
Tx 0.040011 1 1 3 1054 
Rx 0.0404416 1 1 3 1054 10430640
Rx 0.0404416 1 1 3 1054 9430640
Rx 0.0404416 1 1 3 1054 8430640
Rx 0.0404416 1 1 3 1054 7430640
Rx 0.0404416 1 1 3 1054 6430640
Rx 0.0404416 1 1 3 1054 5430640
Rx 0.0404416 1 1 3 1054 4430640
Rx 0.0404416 1 1 3 1054 3430640
Rx 0.0404416 1 1 3 1054 2430640
Rx 0.0404416 1 1 3 1054 1430640
Rx 0.0404416 1 1 3 1054 430640
Tx 0.041011 1 1 3 1054 
Rx 0.0414291 1 1 3 1054 418160
Tx 0.042011 1 1 3 1054 
Tx 0.043011 1 1 3 1054 
Tx 0.044011 1 1 3 1054 
Tx 0.045011 1 1 3 1054 
Tx 0.046011 1 1 3 1054 
Tx 0.047011 1 1 3 1054 
Tx 0.048011 1 1 3 1054 
Tx 0.049011 1 1 3 1054 
Tx 0.050011 1 1 3 1054 
Tx 0.051011 1 1 3 1054 
Tx 0.052011 1 1 3 1054 
Tx 0.053011 1 1 3 1054 
Rx 0.0534416 1 1 3 1054 10430640
Rx 0.0534416 1 1 3 1054 9430640
Rx 0.0534416 1 1 3 1054 8430640
Rx 0.0534416 1 1 3 1054 7430640
Rx 0.0534416 1 1 3 1054 6430640
Rx 0.0534416 1 1 3 1054 5430640
Rx 0.0534416 1 1 3 1054 4430640
Rx 0.0534416 1 1 3 1054 3430640
Rx 0.0534416 1 1 3 1054 2430640
Rx 0.0534416 1 1 3 1054 1430640
Rx 0.0534416 1 1 3 1054 430640
Tx 0.054011 1 1 3 1054 
Tx 0.055011 1 1 3 1054 
Tx 0.056011 1 1 3 1054 
Tx 0.057011 1 1 3 1054 
Tx 0.058011 1 1 3 1054 
Tx 0.059011 1 1 3 1054 
Tx 0.060011 1 1 3 1054 
Tx 0.061011 1 1 3 1054 
Tx 0.062011 1 1 3 1054 
Tx 0.063011 1 1 3 1054 
Tx 0.064011 1 1 3 1054 
Tx 0.065011 1 1 3 1054 
Rx 0.0654416 1 1 3 1054 10430640
Rx 0.0654416 1 1 3 1054 9430640
Rx 0.0654416 1 1 3 1054 8430640
Rx 0.0654416 1 1 3 1054 7430640
Rx 0.0654416 1 1 3 1054 6430640
Rx 0.0654416 1 1 3 1054 5430640
Rx 0.0654416 1 1 3 1054 4430640
Rx 0.0654416 1 1 3 1054 3430640
Rx 0.0654416 1 1 3 1054 2430640
Rx 0.0654416 1 1 3 1054 1430640
Rx 0.0654416 1 1 3 1054 430640
Tx 0.066011 1 1 3 1054 
Rx 0.0664291 1 1 3 1054 418160
Tx 0.067011 1 1 3 1054 
Rx 0.0674291 1 1 3 1054 418160
Tx 0.068011 1 1 3 1054 
Tx 0.069011 1 1 3 1054 
Tx 0.070011 1 1 3 1054 
Tx 0.071011 1 1 3 1054 
Tx 0.072011 1 1 3 1054 
Tx 0.073011 1 1 3 1054 
Tx 0.074011 1 1 3 1054 
Tx 0.075011 1 1 3 1054 
Tx 0.076011 1 1 3 1054 
Tx 0.077011 1 1 3 1054 
Tx 0.078011 1 1 3 1054 
Tx 0.079011 1 1 3 1054 
Rx 0.0794416 1 1 3 1054 10430640
Rx 0.0794416 1 1 3 1054 9430640
Rx 0.0794416 1 1 3 1054 8430640
Rx 0.0794416 1 1 3 1054 7430640
Rx 0.0794416 1 1 3 1054 6430640
Rx 0.0794416 1 1 3 1054 5430640
Rx 0.0794416 1 1 3 1054 4430640
Rx 0.0794416 1 1 3 1054 3430640
Rx 0.0794416 1 1 3 1054 2430640
Rx 0.0794416 1 1 3 1054 1430640
Rx 0.0794416 1 1 3 1054 430640
Tx 0.080011 1 1 3 1054 
Rx 0.0804291 1 1 3 1054 418160
Tx 0.081011 1 1 3 1054 
Rx 0.0814291 1 1 3 1054 418160
Tx 0.082011 1 1 3 1054 
Rx 0.0824416 1 1 3 1054 430640
Tx 0.083011 1 1 3 1054 
Rx 0.0834416 1 1 3 1054 430640
Tx 0.084011 1 1 3 1054 
Rx 0.0844416 1 1 3 1054 430640
Tx 0.085011 1 1 3 1054 
Rx 0.0854416 1 1 3 1054 430640
Tx 0.086011 1 1 3 1054 
Rx 0.0864416 1 1 3 1054 430640
Tx 0.087011 1 1 3 1054 
Rx 0.0874416 1 1 3 1054 430640
Tx 0.088011 1 1 3 1054 
Rx 0.0884416 1 1 3 1054 430640
Tx 0.089011 1 1 3 1054 
Rx 0.0894416 1 1 3 1054 430640
Tx 0.090011 1 1 3 1054 
Rx 0.0904291 1 1 3 1054 418160
Tx 0.091011 1 1 3 1054 
Rx 0.0914291 1 1 3 1054 418160
Tx 0.092011 1 1 3 1054 
Rx 0.0924291 1 1 3 1054 418160
Tx 0.093011 1 1 3 1054 
Tx 0.094011 1 1 3 1054 
Tx 0.095011 1 1 3 1054 
Tx 0.096011 1 1 3 1054 
Tx 0.097011 1 1 3 1054 
Tx 0.098011 1 1 3 1054 
Tx 0.099011 1 1 3 1054 
Tx 0.100011 1 1 3 1054 
Tx 0.101011 1 1 3 1054 
Tx 0.102011 1 1 3 1054 
Tx 0.103011 1 1 3 1054 
Tx 0.104011 1 1 3 1054 
Rx 0.104442 1 1 3 1054 10430640
Rx 0.104442 1 1 3 1054 9430640
Rx 0.104442 1 1 3 1054 8430640
Rx 0.104442 1 1 3 1054 7430640
Rx 0.104442 1 1 3 1054 6430640
Rx 0.104442 1 1 3 1054 5430640
Rx 0.104442 1 1 3 1054 4430640
Tx 0.105011 1 1 3 1054 
Tx 0.106011 1 1 3 1054 
Tx 0.107011 1 1 3 1054 
Tx 0.108011 1 1 3 1054 
Tx 0.109011 1 1 3 1054 
Tx 0.110011 1 1 3 1054 
Tx 0.111011 1 1 3 1054 
Tx 0.112011 1 1 3 1054 
Tx 0.113011 1 1 3 1054 
Tx 0.114011 1 1 3 1054 
Rx 0.114442 1 1 3 1054 12430640
Rx 0.114442 1 1 3 1054 11430640
Rx 0.114442 1 1 3 1054 10430640
Rx 0.114442 1 1 3 1054 9430640
Rx 0.114442 1 1 3 1054 8430640
Rx 0.114442 1 1 3 1054 7430640
Rx 0.114442 1 1 3 1054 6430640
Rx 0.114442 1 1 3 1054 5430640
Rx 0.114442 1 1 3 1054 4430640
Rx 0.114442 1 1 3 1054 3430640
Rx 0.114442 1 1 3 1054 2430640
Rx 0.114442 1 1 3 1054 1430640
Rx 0.114442 1 1 3 1054 430640
Tx 0.115011 1 1 3 1054 
Rx 0.115429 1 1 3 1054 418160
Tx 0.116011 1 1 3 1054 
Tx 0.117011 1 1 3 1054 
Tx 0.118011 1 1 3 1054 
Tx 0.119011 1 1 3 1054 
Tx 0.120011 1 1 3 1054 
Tx 0.121011 1 1 3 1054 
Tx 0.122011 1 1 3 1054 
Tx 0.123011 1 1 3 1054 
Tx 0.124011 1 1 3 1054 
Tx 0.125011 1 1 3 1054 
Tx 0.126011 1 1 3 1054 
Tx 0.127011 1 1 3 1054 
Rx 0.127442 1 1 3 1054 10430640
Tx 0.128011 1 1 3 1054 
Tx 0.129011 1 1 3 1054 
Tx 0.130011 1 1 3 1054 
Tx 0.131011 1 1 3 1054 
Tx 0.132011 1 1 3 1054 
Tx 0.133011 1 1 3 1054 
Tx 0.134011 1 1 3 1054 
Tx 0.135011 1 1 3 1054 
Tx 0.136011 1 1 3 1054 
Tx 0.137011 1 1 3 1054 
Rx 0.137442 1 1 3 1054 18430640
Rx 0.137442 1 1 3 1054 17430640
Rx 0.137442 1 1 3 1054 16430640
Rx 0.137442 1 1 3 1054 15430640
Rx 0.137442 1 1 3 1054 14430640
Rx 0.137442 1 1 3 1054 13430640
Rx 0.137442 1 1 3 1054 12430640
Rx 0.137442 1 1 3 1054 11430640
Rx 0.137442 1 1 3 1054 10430640
Rx 0.137442 1 1 3 1054 9430640
Rx 0.137442 1 1 3 1054 8430640
Tx 0.138011 1 1 3 1054 
Tx 0.139011 1 1 3 1054 
Tx 0.140011 1 1 3 1054 
Tx 0.141011 1 1 3 1054 
Tx 0.142011 1 1 3 1054 
Tx 0.143011 1 1 3 1054 
Tx 0.144011 1 1 3 1054 
Tx 0.145011 1 1 3 1054 
Tx 0.146011 1 1 3 1054 
Tx 0.147011 1 1 3 1054 
Rx 0.147442 1 1 3 1054 16430640
Rx 0.147442 1 1 3 1054 14430640
Rx 0.147442 1 1 3 1054 13430640
Rx 0.147442 1 1 3 1054 12430640
Rx 0.147442 1 1 3 1054 11430640
Rx 0.147442 1 1 3 1054 10430640
Rx 0.147442 1 1 3 1054 9430640
Rx 0.147442 1 1 3 1054 8430640
Rx 0.147442 1 1 3 1054 7430640
Tx 0.148011 1 1 3 1054 
Tx 0.149011 1 1 3 1054 
Tx 0.150011 1 1 3 1054 
Tx 0.151011 1 1 3 1054 
Tx 0.152011 1 1 3 1054 
Tx 0.153011 1 1 3 1054 
Tx 0.154011 1 1 3 1054 
Tx 0.155011 1 1 3 1054 
Tx 0.156011 1 1 3 1054 
Tx 0.157011 1 1 3 1054 
Rx 0.157442 1 1 3 1054 15430640
Rx 0.157442 1 1 3 1054 14430640
Rx 0.157442 1 1 3 1054 13430640
Rx 0.157442 1 1 3 1054 12430640
Tx 0.158011 1 1 3 1054 
Tx 0.159011 1 1 3 1054 
Tx 0.160011 1 1 3 1054 
Tx 0.161011 1 1 3 1054 
Tx 0.162011 1 1 3 1054 
Tx 0.163011 1 1 3 1054 
Tx 0.164011 1 1 3 1054 
Tx 0.165011 1 1 3 1054 
Tx 0.166011 1 1 3 1054 
Tx 0.167011 1 1 3 1054 
Rx 0.167442 1 1 3 1054 20430640
Rx 0.167442 1 1 3 1054 19430640
Rx 0.167442 1 1 3 1054 18430640
Rx 0.167442 1 1 3 1054 17430640
Rx 0.167442 1 1 3 1054 16430640
Rx 0.167442 1 1 3 1054 15430640
Rx 0.167442 1 1 3 1054 14430640
Rx 0.167442 1 1 3 1054 12430640
Rx 0.167442 1 1 3 1054 11430640
Rx 0.167442 1 1 3 1054 10430640
Rx 0.167442 1 1 3 1054 9430640
Rx 0.167442 1 1 3 1054 8430640
Rx 0.167442 1 1 3 1054 7430640
Rx 0.167442 1 1 3 1054 6430640
Rx 0.167442 1 1 3 1054 5430640
Rx 0.167442 1 1 3 1054 4430640
Rx 0.167442 1 1 3 1054 3430640
Rx 0.167442 1 1 3 1054 2430640
Rx 0.167442 1 1 3 1054 1430640
Tx 0.168011 1 1 3 1054 
Tx 0.169011 1 1 3 1054 
Tx 0.170011 1 1 3 1054 
Tx 0.171011 1 1 3 1054 
Tx 0.172011 1 1 3 1054 
Tx 0.173011 1 1 3 1054 
Tx 0.174011 1 1 3 1054 
Tx 0.175011 1 1 3 1054 
Tx 0.176011 1 1 3 1054 
Tx 0.177011 1 1 3 1054 
Tx 0.178011 1 1 3 1054 
Rx 0.178442 1 1 3 1054 10430640
Rx 0.178442 1 1 3 1054 9430640
Rx 0.178442 1 1 3 1054 8430640
Rx 0.178442 1 1 3 1054 7430640
Rx 0.178442 1 1 3 1054 6430640
Rx 0.178442 1 1 3 1054 5430640
Rx 0.178442 1 1 3 1054 4430640
Rx 0.178442 1 1 3 1054 3430640
Rx 0.178442 1 1 3 1054 2430640
Rx 0.178442 1 1 3 1054 1430640
Rx 0.178442 1 1 3 1054 430640
Tx 0.179011 1 1 3 1054 
Rx 0.179429 1 1 3 1054 418160
Tx 0.180011 1 1 3 1054 
Rx 0.180429 1 1 3 1054 418160
Tx 0.181011 1 1 3 1054 
Tx 0.182011 1 1 3 1054 
Tx 0.183011 1 1 3 1054 
Tx 0.184011 1 1 3 1054 
Tx 0.185011 1 1 3 1054 
Tx 0.186011 1 1 3 1054 
Tx 0.187011 1 1 3 1054 
Tx 0.188011 1 1 3 1054 
Tx 0.189011 1 1 3 1054 
Tx 0.190011 1 1 3 1054 
Tx 0.191011 1 1 3 1054 
Tx 0.192011 1 1 3 1054 
Rx 0.192442 1 1 3 1054 10430640
Rx 0.192442 1 1 3 1054 9430640
Rx 0.192442 1 1 3 1054 8430640
Rx 0.192442 1 1 3 1054 7430640
Rx 0.192442 1 1 3 1054 6430640
Rx 0.192442 1 1 3 1054 5430640
Rx 0.192442 1 1 3 1054 4430640
Rx 0.192442 1 1 3 1054 3430640
Rx 0.192442 1 1 3 1054 2430640
Rx 0.192442 1 1 3 1054 1430640
Rx 0.192442 1 1 3 1054 430640
Tx 0.193011 1 1 3 1054 
Rx 0.193442 1 1 3 1054 430640
Tx 0.194011 1 1 3 1054 
Rx 0.194442 1 1 3 1054 430640
Tx 0.195011 1 1 3 1054 
Rx 0.195442 1 1 3 1054 430640
Tx 0.196011 1 1 3 1054 
Rx 0.196442 1 1 3 1054 430640
Tx 0.197011 1 1 3 1054 
Rx 0.197442 1 1 3 1054 430640
Tx 0.198011 1 1 3 1054 
Rx 0.198442 1 1 3 1054 430640
Tx 0.199011 1 1 3 1054 
Rx 0.199442 1 1 3 1054 430640
Tx 0.200011 1 1 3 1054 
Rx 0.200442 1 1 3 1054 430640
Tx 0.201011 1 1 3 1054 
Rx 0.201442 1 1 3 1054 430640
Tx 0.202011 1 1 3 1054 
Rx 0.202442 1 1 3 1054 430640
Tx 0.203011 1 1 3 1054 
Rx 0.203442 1 1 3 1054 430640
Tx 0.204011 1 1 3 1054 
Rx 0.204471 1 1 3 1054 459760
Tx 0.205011 1 1 3 1054 
Rx 0.205471 1 1 3 1054 459760
Tx 0.206011 1 1 3 1054 
Rx 0.206471 1 1 3 1054 459760
Tx 0.207011 1 1 3 1054 
Rx 0.207471 1 1 3 1054 459760
Tx 0.208011 1 1 3 1054 
Rx 0.208442 1 1 3 1054 430640
Tx 0.209011 1 1 3 1054 
Rx 0.209442 1 1 3 1054 430640
Tx 0.210011 1 1 3 1054 
Rx 0.210442 1 1 3 1054 430640
Tx 0.211011 1 1 3 1054 
Rx 0.211442 1 1 3 1054 430640
Tx 0.212011 1 1 3 1054 
Rx 0.212442 1 1 3 1054 430640
Tx 0.213011 1 1 3 1054 
Rx 0.213442 1 1 3 1054 430640
Tx 0.214011 1 1 3 1054 
Rx 0.214442 1 1 3 1054 430640
Tx 0.215011 1 1 3 1054 
Rx 0.215442 1 1 3 1054 430640
Tx 0.216011 1 1 3 1054 
Rx 0.216442 1 1 3 1054 430640
Tx 0.217011 1 1 3 1054 
Rx 0.217442 1 1 3 1054 430640
Tx 0.218011 1 1 3 1054 
Rx 0.218442 1 1 3 1054 430640
Tx 0.219011 1 1 3 1054 
Rx 0.219442 1 1 3 1054 430640
Tx 0.220011 1 1 3 1054 
Rx 0.220442 1 1 3 1054 430640
Tx 0.221011 1 1 3 1054 
Rx 0.221442 1 1 3 1054 430640
Tx 0.222011 1 1 3 1054 
Rx 0.222442 1 1 3 1054 430640
Tx 0.223011 1 1 3 1054 
Rx 0.223442 1 1 3 1054 430640
Tx 0.224011 1 1 3 1054 
Rx 0.224442 1 1 3 1054 430640
Tx 0.225011 1 1 3 1054 
Rx 0.225442 1 1 3 1054 430640
Tx 0.226011 1 1 3 1054 
Rx 0.226442 1 1 3 1054 430640
Tx 0.227011 1 1 3 1054 
Rx 0.227442 1 1 3 1054 430640
Tx 0.228011 1 1 3 1054 
Rx 0.228442 1 1 3 1054 430640
Tx 0.229011 1 1 3 1054 
Rx 0.229442 1 1 3 1054 430640
Tx 0.230011 1 1 3 1054 
Rx 0.230442 1 1 3 1054 430640
Tx 0.231011 1 1 3 1054 
Rx 0.231442 1 1 3 1054 430640
Tx 0.232011 1 1 3 1054 
Rx 0.232442 1 1 3 1054 430640
Tx 0.233011 1 1 3 1054 
Rx 0.233442 1 1 3 1054 430640
Tx 0.234011 1 1 3 1054 
Rx 0.234442 1 1 3 1054 430640
Tx 0.235011 1 1 3 1054 
Rx 0.235442 1 1 3 1054 430640
Tx 0.236011 1 1 3 1054 
Rx 0.236442 1 1 3 1054 430640
Tx 0.237011 1 1 3 1054 
Rx 0.237442 1 1 3 1054 430640
Tx 0.238011 1 1 3 1054 
Rx 0.238442 1 1 3 1054 430640
Tx 0.239011 1 1 3 1054 
Rx 0.239442 1 1 3 1054 430640
Tx 0.240011 1 1 3 1054 
Rx 0.240442 1 1 3 1054 430640
Tx 0.241011 1 1 3 1054 
Rx 0.241442 1 1 3 1054 430640
Tx 0.242011 1 1 3 1054 
Rx 0.242442 1 1 3 1054 430640
Tx 0.243011 1 1 3 1054 
Rx 0.243442 1 1 3 1054 430640
Tx 0.244011 1 1 3 1054 
Rx 0.244442 1 1 3 1054 430640
Tx 0.245011 1 1 3 1054 
Rx 0.245442 1 1 3 1054 430640
Tx 0.246011 1 1 3 1054 
Rx 0.246442 1 1 3 1054 430640
Tx 0.247011 1 1 3 1054 
Rx 0.247442 1 1 3 1054 430640
Tx 0.248011 1 1 3 1054 
Rx 0.248442 1 1 3 1054 430640
Tx 0.249011 1 1 3 1054 
Rx 0.249442 1 1 3 1054 430640
Tx 0.250011 1 1 3 1054 
Rx 0.250442 1 1 3 1054 430640
Tx 0.251011 1 1 3 1054 
Rx 0.251442 1 1 3 1054 430640
Tx 0.252011 1 1 3 1054 
Rx 0.252442 1 1 3 1054 430640
Tx 0.253011 1 1 3 1054 
Rx 0.253442 1 1 3 1054 430640
Tx 0.254011 1 1 3 1054 
Rx 0.254442 1 1 3 1054 430640
Tx 0.255011 1 1 3 1054 
Rx 0.255442 1 1 3 1054 430640
Tx 0.256011 1 1 3 1054 
Rx 0.256442 1 1 3 1054 430640
Tx 0.257011 1 1 3 1054 
Rx 0.257442 1 1 3 1054 430640
Tx 0.258011 1 1 3 1054 
Rx 0.258442 1 1 3 1054 430640
Tx 0.259011 1 1 3 1054 
Rx 0.259442 1 1 3 1054 430640
Tx 0.260011 1 1 3 1054 
Rx 0.260442 1 1 3 1054 430640
Tx 0.261011 1 1 3 1054 
Rx 0.261442 1 1 3 1054 430640
Tx 0.262011 1 1 3 1054 
Rx 0.262442 1 1 3 1054 430640
Tx 0.263011 1 1 3 1054 
Rx 0.263442 1 1 3 1054 430640
Tx 0.264011 1 1 3 1054 
Rx 0.264442 1 1 3 1054 430640
Tx 0.265011 1 1 3 1054 
Rx 0.265442 1 1 3 1054 430640
Tx 0.266011 1 1 3 1054 
Rx 0.266442 1 1 3 1054 430640
Tx 0.267011 1 1 3 1054 
Rx 0.267442 1 1 3 1054 430640
Tx 0.268011 1 1 3 1054 
Rx 0.268442 1 1 3 1054 430640
Tx 0.269011 1 1 3 1054 
Rx 0.269442 1 1 3 1054 430640
Tx 0.270011 1 1 3 1054 
Rx 0.270442 1 1 3 1054 430640
Tx 0.271011 1 1 3 1054 
Rx 0.271442 1 1 3 1054 430640
Tx 0.272011 1 1 3 1054 
Rx 0.272442 1 1 3 1054 430640
Tx 0.273011 1 1 3 1054 
Rx 0.273442 1 1 3 1054 430640
Tx 0.274011 1 1 3 1054 
Rx 0.274442 1 1 3 1054 430640
Tx 0.275011 1 1 3 1054 
Rx 0.275442 1 1 3 1054 430640
Tx 0.276011 1 1 3 1054 
Rx 0.276442 1 1 3 1054 430640
Tx 0.277011 1 1 3 1054 
Rx 0.277442 1 1 3 1054 430640
Tx 0.278011 1 1 3 1054 
Rx 0.278442 1 1 3 1054 430640
Tx 0.279011 1 1 3 1054 
Rx 0.279442 1 1 3 1054 430640
Tx 0.280011 1 1 3 1054 
Rx 0.280442 1 1 3 1054 430640
Tx 0.281011 1 1 3 1054 
Rx 0.281442 1 1 3 1054 430640
Tx 0.282011 1 1 3 1054 
Rx 0.282442 1 1 3 1054 430640
Tx 0.283011 1 1 3 1054 
Rx 0.283442 1 1 3 1054 430640
Tx 0.284011 1 1 3 1054 
Rx 0.284442 1 1 3 1054 430640
Tx 0.285011 1 1 3 1054 
Rx 0.285442 1 1 3 1054 430640
Tx 0.286011 1 1 3 1054 
Rx 0.286442 1 1 3 1054 430640
Tx 0.287011 1 1 3 1054 
Rx 0.287442 1 1 3 1054 430640
Tx 0.288011 1 1 3 1054 
Rx 0.288442 1 1 3 1054 430640
Tx 0.289011 1 1 3 1054 
Rx 0.289442 1 1 3 1054 430640
Tx 0.290011 1 1 3 1054 
Rx 0.290442 1 1 3 1054 430640
Tx 0.291011 1 1 3 1054 
Rx 0.291442 1 1 3 1054 430640
Tx 0.292011 1 1 3 1054 
Rx 0.292442 1 1 3 1054 430640
Tx 0.293011 1 1 3 1054 
Rx 0.293442 1 1 3 1054 430640
Tx 0.294011 1 1 3 1054 
Rx 0.294442 1 1 3 1054 430640
Tx 0.295011 1 1 3 1054 
Rx 0.295442 1 1 3 1054 430640
Tx 0.296011 1 1 3 1054 
Rx 0.296442 1 1 3 1054 430640
Tx 0.297011 1 1 3 1054 
Rx 0.297442 1 1 3 1054 430640
Tx 0.298011 1 1 3 1054 
Rx 0.298442 1 1 3 1054 430640
Tx 0.299011 1 1 3 1054 
Rx 0.299442 1 1 3 1054 430640
Tx 0.300011 1 1 3 1054 
Rx 0.300442 1 1 3 1054 430640
Tx 0.301011 1 1 3 1054 
Rx 0.301429 1 1 3 1054 418160
Tx 0.302011 1 1 3 1054 
Rx 0.302429 1 1 3 1054 418160
Tx 0.303011 1 1 3 1054 
Rx 0.303429 1 1 3 1054 418160
Tx 0.304011 1 1 3 1054 
Rx 0.304429 1 1 3 1054 418160
Tx 0.305011 1 1 3 1054 
Rx 0.305429 1 1 3 1054 418160
Tx 0.306011 1 1 3 1054 
Rx 0.306429 1 1 3 1054 418160
Tx 0.307011 1 1 3 1054 
Rx 0.307429 1 1 3 1054 418160
Tx 0.308011 1 1 3 1054 
Rx 0.308429 1 1 3 1054 418160
Tx 0.309011 1 1 3 1054 
Rx 0.309429 1 1 3 1054 418160
Tx 0.310011 1 1 3 1054 
Rx 0.310429 1 1 3 1054 418160
Tx 0.311011 1 1 3 1054 
Rx 0.311429 1 1 3 1054 418160
Tx 0.312011 1 1 3 1054 
Rx 0.312429 1 1 3 1054 418160
Tx 0.313011 1 1 3 1054 
Rx 0.313429 1 1 3 1054 418160
Tx 0.314011 1 1 3 1054 
Tx 0.315011 1 1 3 1054 
Tx 0.316011 1 1 3 1054 
Tx 0.317011 1 1 3 1054 
Tx 0.318011 1 1 3 1054 
Tx 0.319011 1 1 3 1054 
Tx 0.320011 1 1 3 1054 
Tx 0.321011 1 1 3 1054 
Tx 0.322011 1 1 3 1054 
Tx 0.323011 1 1 3 1054 
Tx 0.324011 1 1 3 1054 
Tx 0.325011 1 1 3 1054 
Rx 0.325442 1 1 3 1054 10430640
Rx 0.325442 1 1 3 1054 9430640
Rx 0.325442 1 1 3 1054 8430640
Rx 0.325442 1 1 3 1054 7430640
Rx 0.325442 1 1 3 1054 6430640
Rx 0.325442 1 1 3 1054 5430640
Rx 0.325442 1 1 3 1054 4430640
Rx 0.325442 1 1 3 1054 3430640
Rx 0.325442 1 1 3 1054 2430640
Rx 0.325442 1 1 3 1054 1430640
Rx 0.325442 1 1 3 1054 430640
Tx 0.326011 1 1 3 1054 
Rx 0.326429 1 1 3 1054 418160
Tx 0.327011 1 1 3 1054 
Rx 0.327429 1 1 3 1054 418160
Tx 0.328011 1 1 3 1054 
Rx 0.328429 1 1 3 1054 418160
Tx 0.329011 1 1 3 1054 
Rx 0.329429 1 1 3 1054 418160
Tx 0.330011 1 1 3 1054 
Rx 0.330429 1 1 3 1054 418160
Tx 0.331011 1 1 3 1054 
Rx 0.331429 1 1 3 1054 418160
Tx 0.332011 1 1 3 1054 
Rx 0.332429 1 1 3 1054 418160
Tx 0.333011 1 1 3 1054 
Rx 0.333429 1 1 3 1054 418160
Tx 0.334011 1 1 3 1054 
Rx 0.334429 1 1 3 1054 418160
Tx 0.335011 1 1 3 1054 
Rx 0.335429 1 1 3 1054 418160
Tx 0.336011 1 1 3 1054 
Rx 0.336429 1 1 3 1054 418160
Tx 0.337011 1 1 3 1054 
Rx 0.337429 1 1 3 1054 418160
Tx 0.338011 1 1 3 1054 
Rx 0.338429 1 1 3 1054 418160
Tx 0.339011 1 1 3 1054 
Rx 0.339429 1 1 3 1054 418160
Tx 0.340011 1 1 3 1054 
Rx 0.340442 1 1 3 1054 430640
Tx 0.341011 1 1 3 1054 
Rx 0.341442 1 1 3 1054 430640
Tx 0.342011 1 1 3 1054 
Rx 0.342442 1 1 3 1054 430640
Tx 0.343011 1 1 3 1054 
Rx 0.343442 1 1 3 1054 430640
Tx 0.344011 1 1 3 1054 
Rx 0.344442 1 1 3 1054 430640
Tx 0.345011 1 1 3 1054 
Rx 0.345442 1 1 3 1054 430640
Tx 0.346011 1 1 3 1054 
Rx 0.346442 1 1 3 1054 430640
Tx 0.347011 1 1 3 1054 
Rx 0.347429 1 1 3 1054 418160
Tx 0.348011 1 1 3 1054 
Rx 0.348429 1 1 3 1054 418160
Tx 0.349011 1 1 3 1054 
Rx 0.349429 1 1 3 1054 418160
Tx 0.350011 1 1 3 1054 
Rx 0.350429 1 1 3 1054 418160
Tx 0.351011 1 1 3 1054 
Rx 0.351429 1 1 3 1054 418160
Tx 0.352011 1 1 3 1054 
Tx 0.353011 1 1 3 1054 
Tx 0.354011 1 1 3 1054 
Tx 0.355011 1 1 3 1054 
Tx 0.356011 1 1 3 1054 
Tx 0.357011 1 1 3 1054 
Tx 0.358011 1 1 3 1054 
Tx 0.359011 1 1 3 1054 
Tx 0.360011 1 1 3 1054 
Tx 0.361011 1 1 3 1054 
Tx 0.362011 1 1 3 1054 
Tx 0.363011 1 1 3 1054 
Rx 0.363442 1 1 3 1054 10430640
Rx 0.363442 1 1 3 1054 9430640
Rx 0.363442 1 1 3 1054 8430640
Rx 0.363442 1 1 3 1054 7430640
Rx 0.363442 1 1 3 1054 6430640
Rx 0.363442 1 1 3 1054 5430640
Rx 0.363442 1 1 3 1054 4430640
Rx 0.363442 1 1 3 1054 3430640
Rx 0.363442 1 1 3 1054 2430640
Rx 0.363442 1 1 3 1054 1430640
Tx 0.364011 1 1 3 1054 
Tx 0.365011 1 1 3 1054 
Tx 0.366011 1 1 3 1054 
Tx 0.367011 1 1 3 1054 
Tx 0.368011 1 1 3 1054 
Tx 0.369011 1 1 3 1054 
Tx 0.370011 1 1 3 1054 
Tx 0.371011 1 1 3 1054 
Tx 0.372011 1 1 3 1054 
Tx 0.373011 1 1 3 1054 
Tx 0.374011 1 1 3 1054 
Rx 0.374442 1 1 3 1054 10430640
Rx 0.374442 1 1 3 1054 9430640
Rx 0.374442 1 1 3 1054 8430640
Rx 0.374442 1 1 3 1054 7430640
Rx 0.374442 1 1 3 1054 6430640
Rx 0.374442 1 1 3 1054 5430640
Rx 0.374442 1 1 3 1054 4430640
Rx 0.374442 1 1 3 1054 3430640
Rx 0.374442 1 1 3 1054 2430640
Rx 0.374442 1 1 3 1054 1430640
Rx 0.374442 1 1 3 1054 430640
Tx 0.375011 1 1 3 1054 
Rx 0.375429 1 1 3 1054 418160
Tx 0.376011 1 1 3 1054 
Rx 0.376429 1 1 3 1054 418160
Tx 0.377011 1 1 3 1054 
Rx 0.377429 1 1 3 1054 418160
Tx 0.378011 1 1 3 1054 
Rx 0.378429 1 1 3 1054 418160
Tx 0.379011 1 1 3 1054 
Rx 0.379429 1 1 3 1054 418160
Tx 0.380011 1 1 3 1054 
Rx 0.380429 1 1 3 1054 418160
Tx 0.381011 1 1 3 1054 
Rx 0.381429 1 1 3 1054 418160
Tx 0.382011 1 1 3 1054 
Rx 0.382429 1 1 3 1054 418160
Tx 0.383011 1 1 3 1054 
Rx 0.383429 1 1 3 1054 418160
Tx 0.384011 1 1 3 1054 
Rx 0.384429 1 1 3 1054 418160
Tx 0.385011 1 1 3 1054 
Rx 0.385429 1 1 3 1054 418160
Tx 0.386011 1 1 3 1054 
Rx 0.386429 1 1 3 1054 418160
Tx 0.387011 1 1 3 1054 
Rx 0.387429 1 1 3 1054 418160
Tx 0.388011 1 1 3 1054 
Rx 0.388429 1 1 3 1054 418160
Tx 0.389011 1 1 3 1054 
Rx 0.389429 1 1 3 1054 418160
Tx 0.390011 1 1 3 1054 
Rx 0.390429 1 1 3 1054 418160
Tx 0.391011 1 1 3 1054 
Rx 0.391442 1 1 3 1054 430640
Tx 0.392011 1 1 3 1054 
Rx 0.392442 1 1 3 1054 430640
Tx 0.393011 1 1 3 1054 
Rx 0.393442 1 1 3 1054 430640
Tx 0.394011 1 1 3 1054 
Rx 0.394442 1 1 3 1054 430640
Tx 0.395011 1 1 3 1054 
Rx 0.395442 1 1 3 1054 430640
Tx 0.396011 1 1 3 1054 
Rx 0.396442 1 1 3 1054 430640
Tx 0.397011 1 1 3 1054 
Rx 0.397442 1 1 3 1054 430640
Tx 0.398011 1 1 3 1054 
Rx 0.398429 1 1 3 1054 418160
Tx 0.399011 1 1 3 1054 
Rx 0.399429 1 1 3 1054 418160
Tx 0.400011 1 1 3 1054 
Rx 0.400429 1 1 3 1054 418160
Tx 0.401011 1 1 3 1054 
Rx 0.401429 1 1 3 1054 418160
Tx 0.402011 1 1 3 1054 
Rx 0.402429 1 1 3 1054 418160
Tx 0.403011 1 1 3 1054 
Rx 0.403429 1 1 3 1054 418160
Tx 0.404011 1 1 3 1054 
Rx 0.404429 1 1 3 1054 418160
Tx 0.405011 1 1 3 1054 
Rx 0.405429 1 1 3 1054 418160
Tx 0.406011 1 1 3 1054 
Rx 0.406429 1 1 3 1054 418160
Tx 0.407011 1 1 3 1054 
Rx 0.407429 1 1 3 1054 418160
Tx 0.408011 1 1 3 1054 
Rx 0.408429 1 1 3 1054 418160
Tx 0.409011 1 1 3 1054 
Rx 0.409429 1 1 3 1054 418160
Tx 0.410011 1 1 3 1054 
Rx 0.410429 1 1 3 1054 418160
Tx 0.411011 1 1 3 1054 
Rx 0.411429 1 1 3 1054 418160
Tx 0.412011 1 1 3 1054 
Rx 0.412442 1 1 3 1054 430640
Tx 0.413011 1 1 3 1054 
Rx 0.413442 1 1 3 1054 430640
Tx 0.414011 1 1 3 1054 
Rx 0.414442 1 1 3 1054 430640
Tx 0.415011 1 1 3 1054 
Rx 0.415442 1 1 3 1054 430640
Tx 0.416011 1 1 3 1054 
Rx 0.416442 1 1 3 1054 430640
Tx 0.417011 1 1 3 1054 
Rx 0.417442 1 1 3 1054 430640
Tx 0.418011 1 1 3 1054 
Rx 0.418442 1 1 3 1054 430640
Tx 0.419011 1 1 3 1054 
Rx 0.419442 1 1 3 1054 430640
Tx 0.420011 1 1 3 1054 
Rx 0.420442 1 1 3 1054 430640
Tx 0.421011 1 1 3 1054 
Rx 0.421429 1 1 3 1054 418160
Tx 0.422011 1 1 3 1054 
Rx 0.422429 1 1 3 1054 418160
Tx 0.423011 1 1 3 1054 
Rx 0.423429 1 1 3 1054 418160
Tx 0.424011 1 1 3 1054 
Rx 0.424429 1 1 3 1054 418160
Tx 0.425011 1 1 3 1054 
Rx 0.425429 1 1 3 1054 418160
Tx 0.426011 1 1 3 1054 
Rx 0.426429 1 1 3 1054 418160
Tx 0.427011 1 1 3 1054 
Rx 0.427429 1 1 3 1054 418160
Tx 0.428011 1 1 3 1054 
Rx 0.428429 1 1 3 1054 418160
Tx 0.429011 1 1 3 1054 
Rx 0.429429 1 1 3 1054 418160
Tx 0.430011 1 1 3 1054 
Rx 0.430429 1 1 3 1054 418160
Tx 0.431011 1 1 3 1054 
Rx 0.431429 1 1 3 1054 418160
Tx 0.432011 1 1 3 1054 
Rx 0.432429 1 1 3 1054 418160
Tx 0.433011 1 1 3 1054 
Rx 0.433421 1 1 3 1054 409840
Tx 0.434011 1 1 3 1054 
Rx 0.434421 1 1 3 1054 409840
Tx 0.435011 1 1 3 1054 
Rx 0.435421 1 1 3 1054 409840
Tx 0.436011 1 1 3 1054 
Tx 0.437011 1 1 3 1054 
Tx 0.438011 1 1 3 1054 
Tx 0.439011 1 1 3 1054 
Tx 0.440011 1 1 3 1054 
Tx 0.441011 1 1 3 1054 
Tx 0.442011 1 1 3 1054 
Tx 0.443011 1 1 3 1054 
Tx 0.444011 1 1 3 1054 
Tx 0.445011 1 1 3 1054 
Tx 0.446011 1 1 3 1054 
Tx 0.447011 1 1 3 1054 
Rx 0.447429 1 1 3 1054 10418160
Rx 0.447429 1 1 3 1054 9418160
Rx 0.447429 1 1 3 1054 8418160
Tx 0.448011 1 1 3 1054 
Tx 0.449011 1 1 3 1054 
Tx 0.450011 1 1 3 1054 
Tx 0.451011 1 1 3 1054 
Tx 0.452011 1 1 3 1054 
Tx 0.453011 1 1 3 1054 
Tx 0.454011 1 1 3 1054 
Tx 0.455011 1 1 3 1054 
Tx 0.456011 1 1 3 1054 
Tx 0.457011 1 1 3 1054 
Rx 0.457429 1 1 3 1054 16418160
Rx 0.457429 1 1 3 1054 15418160
Rx 0.457429 1 1 3 1054 14418160
Rx 0.457429 1 1 3 1054 13418160
Rx 0.457429 1 1 3 1054 12418160
Rx 0.457429 1 1 3 1054 11418160
Rx 0.457429 1 1 3 1054 10418160
Rx 0.457429 1 1 3 1054 9418160
Rx 0.457429 1 1 3 1054 8418160
Rx 0.457429 1 1 3 1054 7418160
Rx 0.457429 1 1 3 1054 6418160
Rx 0.457429 1 1 3 1054 5418160
Rx 0.457429 1 1 3 1054 4418160
Rx 0.457429 1 1 3 1054 3418160
Rx 0.457429 1 1 3 1054 2418160
Rx 0.457429 1 1 3 1054 1418160
Rx 0.457429 1 1 3 1054 418160
Tx 0.458011 1 1 3 1054 
Rx 0.458429 1 1 3 1054 418160
Tx 0.459011 1 1 3 1054 
Rx 0.459429 1 1 3 1054 418160
Tx 0.460011 1 1 3 1054 
Rx 0.460429 1 1 3 1054 418160
Tx 0.461011 1 1 3 1054 
Rx 0.461429 1 1 3 1054 418160
Tx 0.462011 1 1 3 1054 
Rx 0.462429 1 1 3 1054 418160
Tx 0.463011 1 1 3 1054 
Rx 0.463429 1 1 3 1054 418160
Tx 0.464011 1 1 3 1054 
Rx 0.464429 1 1 3 1054 418160
Tx 0.465011 1 1 3 1054 
Rx 0.465429 1 1 3 1054 418160
Tx 0.466011 1 1 3 1054 
Rx 0.466442 1 1 3 1054 430640
Tx 0.467011 1 1 3 1054 
Rx 0.467442 1 1 3 1054 430640
Tx 0.468011 1 1 3 1054 
Rx 0.468442 1 1 3 1054 430640
Tx 0.469011 1 1 3 1054 
Rx 0.469442 1 1 3 1054 430640
Tx 0.470011 1 1 3 1054 
Rx 0.470442 1 1 3 1054 430640
Tx 0.471011 1 1 3 1054 
Rx 0.471442 1 1 3 1054 430640
Tx 0.472011 1 1 3 1054 
Rx 0.472429 1 1 3 1054 418160
Tx 0.473011 1 1 3 1054 
Rx 0.473429 1 1 3 1054 418160
Tx 0.474011 1 1 3 1054 
Rx 0.474429 1 1 3 1054 418160
Tx 0.475011 1 1 3 1054 
Rx 0.475429 1 1 3 1054 418160
Tx 0.476011 1 1 3 1054 
Rx 0.476429 1 1 3 1054 418160
Tx 0.477011 1 1 3 1054 
Rx 0.477429 1 1 3 1054 418160
Tx 0.478011 1 1 3 1054 
Rx 0.478429 1 1 3 1054 418160
Tx 0.479011 1 1 3 1054 
Tx 0.480011 1 1 3 1054 
Tx 0.481011 1 1 3 1054 
Tx 0.482011 1 1 3 1054 
Tx 0.483011 1 1 3 1054 
Tx 0.484011 1 1 3 1054 
Tx 0.485011 1 1 3 1054 
Tx 0.486011 1 1 3 1054 
Tx 0.487011 1 1 3 1054 
Tx 0.488011 1 1 3 1054 
Tx 0.489011 1 1 3 1054 
Tx 0.490011 1 1 3 1054 
Rx 0.490442 1 1 3 1054 10430640
Rx 0.490442 1 1 3 1054 9430640
Rx 0.490442 1 1 3 1054 8430640
Rx 0.490442 1 1 3 1054 7430640
Rx 0.490442 1 1 3 1054 6430640
Rx 0.490442 1 1 3 1054 5430640
Rx 0.490442 1 1 3 1054 4430640
Rx 0.490442 1 1 3 1054 3430640
Rx 0.490442 1 1 3 1054 2430640
Tx 0.491011 1 1 3 1054 
Tx 0.492011 1 1 3 1054 
Tx 0.493011 1 1 3 1054 
Tx 0.494011 1 1 3 1054 
Tx 0.495011 1 1 3 1054 
Tx 0.496011 1 1 3 1054 
Tx 0.497011 1 1 3 1054 
Tx 0.498011 1 1 3 1054 
Tx 0.499011 1 1 3 1054 
Tx 0.500011 1 1 3 1054 
Rx 0.500442 1 1 3 1054 10430640
Rx 0.500442 1 1 3 1054 9430640
Rx 0.500442 1 1 3 1054 8430640
Rx 0.500442 1 1 3 1054 7430640
Rx 0.500442 1 1 3 1054 6430640
Rx 0.500442 1 1 3 1054 5430640
Rx 0.500442 1 1 3 1054 4430640
Rx 0.500442 1 1 3 1054 3430640
Rx 0.500442 1 1 3 1054 2430640
Rx 0.500442 1 1 3 1054 1430640
Rx 0.500442 1 1 3 1054 430640
Tx 0.501011 1 1 3 1054 
Rx 0.501429 1 1 3 1054 418160
Tx 0.502011 1 1 3 1054 
Rx 0.502429 1 1 3 1054 418160
Tx 0.503011 1 1 3 1054 
Tx 0.504011 1 1 3 1054 
Tx 0.505011 1 1 3 1054 
Tx 0.506011 1 1 3 1054 
Tx 0.507011 1 1 3 1054 
Tx 0.508011 1 1 3 1054 
Tx 0.509011 1 1 3 1054 
Tx 0.510011 1 1 3 1054 
Tx 0.511011 1 1 3 1054 
Tx 0.512011 1 1 3 1054 
Tx 0.513011 1 1 3 1054 
Tx 0.514011 1 1 3 1054 
Rx 0.514442 1 1 3 1054 10430640
Rx 0.514442 1 1 3 1054 9430640
Rx 0.514442 1 1 3 1054 8430640
Rx 0.514442 1 1 3 1054 7430640
Rx 0.514442 1 1 3 1054 6430640
Rx 0.514442 1 1 3 1054 5430640
Rx 0.514442 1 1 3 1054 4430640
Rx 0.514442 1 1 3 1054 3430640
Rx 0.514442 1 1 3 1054 2430640
Rx 0.514442 1 1 3 1054 1430640
Rx 0.514442 1 1 3 1054 430640
Tx 0.515011 1 1 3 1054 
Rx 0.515421 1 1 3 1054 409840
Tx 0.516011 1 1 3 1054 
Rx 0.516421 1 1 3 1054 409840
Tx 0.517011 1 1 3 1054 
Rx 0.517421 1 1 3 1054 409840
Tx 0.518011 1 1 3 1054 
Rx 0.518429 1 1 3 1054 418160
Tx 0.519011 1 1 3 1054 
Rx 0.519429 1 1 3 1054 418160
Tx 0.520011 1 1 3 1054 
Rx 0.520429 1 1 3 1054 418160
Tx 0.521011 1 1 3 1054 
Rx 0.521429 1 1 3 1054 418160
Tx 0.522011 1 1 3 1054 
Rx 0.522429 1 1 3 1054 418160
Tx 0.523011 1 1 3 1054 
Rx 0.523429 1 1 3 1054 418160
Tx 0.524011 1 1 3 1054 
Rx 0.524429 1 1 3 1054 418160
Tx 0.525011 1 1 3 1054 
Rx 0.525429 1 1 3 1054 418160
Tx 0.526011 1 1 3 1054 
Rx 0.526429 1 1 3 1054 418160
Tx 0.527011 1 1 3 1054 
Rx 0.527429 1 1 3 1054 418160
Tx 0.528011 1 1 3 1054 
Rx 0.528429 1 1 3 1054 418160
Tx 0.529011 1 1 3 1054 
Rx 0.529429 1 1 3 1054 418160
Tx 0.530011 1 1 3 1054 
Rx 0.530429 1 1 3 1054 418160
Tx 0.531011 1 1 3 1054 
Rx 0.531429 1 1 3 1054 418160
Tx 0.532011 1 1 3 1054 
Rx 0.532429 1 1 3 1054 418160
Tx 0.533011 1 1 3 1054 
Rx 0.533429 1 1 3 1054 418160
Tx 0.534011 1 1 3 1054 
Tx 0.535011 1 1 3 1054 
Tx 0.536011 1 1 3 1054 
Tx 0.537011 1 1 3 1054 
Tx 0.538011 1 1 3 1054 
Tx 0.539011 1 1 3 1054 
Tx 0.540011 1 1 3 1054 
Tx 0.541011 1 1 3 1054 
Tx 0.542011 1 1 3 1054 
Tx 0.543011 1 1 3 1054 
Tx 0.544011 1 1 3 1054 
Tx 0.545011 1 1 3 1054 
Rx 0.545442 1 1 3 1054 10430640
Rx 0.545442 1 1 3 1054 9430640
Rx 0.545442 1 1 3 1054 8430640
Rx 0.545442 1 1 3 1054 7430640
Rx 0.545442 1 1 3 1054 6430640
Rx 0.545442 1 1 3 1054 5430640
Rx 0.545442 1 1 3 1054 4430640
Rx 0.545442 1 1 3 1054 3430640
Rx 0.545442 1 1 3 1054 2430640
Rx 0.545442 1 1 3 1054 1430640
Rx 0.545442 1 1 3 1054 430640
Tx 0.546011 1 1 3 1054 
Rx 0.546429 1 1 3 1054 418160
Tx 0.547011 1 1 3 1054 
Rx 0.547429 1 1 3 1054 418160
Tx 0.548011 1 1 3 1054 
Rx 0.548429 1 1 3 1054 418160
Tx 0.549011 1 1 3 1054 
Rx 0.549429 1 1 3 1054 418160
Tx 0.550011 1 1 3 1054 
Rx 0.550429 1 1 3 1054 418160
Tx 0.551011 1 1 3 1054 
Rx 0.551429 1 1 3 1054 418160
Tx 0.552011 1 1 3 1054 
Tx 0.553011 1 1 3 1054 
Tx 0.554011 1 1 3 1054 
Tx 0.555011 1 1 3 1054 
Tx 0.556011 1 1 3 1054 
Tx 0.557011 1 1 3 1054 
Tx 0.558011 1 1 3 1054 
Tx 0.559011 1 1 3 1054 
Tx 0.560011 1 1 3 1054 
Tx 0.561011 1 1 3 1054 
Tx 0.562011 1 1 3 1054 
Tx 0.563011 1 1 3 1054 
Rx 0.563442 1 1 3 1054 10430640
Rx 0.563442 1 1 3 1054 9430640
Rx 0.563442 1 1 3 1054 8430640
Rx 0.563442 1 1 3 1054 7430640
Rx 0.563442 1 1 3 1054 6430640
Rx 0.563442 1 1 3 1054 5430640
Rx 0.563442 1 1 3 1054 4430640
Rx 0.563442 1 1 3 1054 3430640
Rx 0.563442 1 1 3 1054 2430640
Rx 0.563442 1 1 3 1054 1430640
Rx 0.563442 1 1 3 1054 430640
Tx 0.564011 1 1 3 1054 
Rx 0.564429 1 1 3 1054 418160
Tx 0.565011 1 1 3 1054 
Rx 0.565429 1 1 3 1054 418160
Tx 0.566011 1 1 3 1054 
Rx 0.566429 1 1 3 1054 418160
Tx 0.567011 1 1 3 1054 
Rx 0.567442 1 1 3 1054 430640
Tx 0.568011 1 1 3 1054 
Rx 0.568442 1 1 3 1054 430640
Tx 0.569011 1 1 3 1054 
Rx 0.569442 1 1 3 1054 430640
Tx 0.570011 1 1 3 1054 
Rx 0.570442 1 1 3 1054 430640
Tx 0.571011 1 1 3 1054 
Rx 0.571442 1 1 3 1054 430640
Tx 0.572011 1 1 3 1054 
Rx 0.572442 1 1 3 1054 430640
Tx 0.573011 1 1 3 1054 
Rx 0.573442 1 1 3 1054 430640
Tx 0.574011 1 1 3 1054 
Rx 0.574429 1 1 3 1054 418160
Tx 0.575011 1 1 3 1054 
Rx 0.575429 1 1 3 1054 418160
Tx 0.576011 1 1 3 1054 
Rx 0.576429 1 1 3 1054 418160
Tx 0.577011 1 1 3 1054 
Rx 0.577429 1 1 3 1054 418160
Tx 0.578011 1 1 3 1054 
Rx 0.578429 1 1 3 1054 418160
Tx 0.579011 1 1 3 1054 
Rx 0.579429 1 1 3 1054 418160
Tx 0.580011 1 1 3 1054 
Rx 0.580429 1 1 3 1054 418160
Tx 0.581011 1 1 3 1054 
Rx 0.581429 1 1 3 1054 418160
Tx 0.582011 1 1 3 1054 
Rx 0.582429 1 1 3 1054 418160
Tx 0.583011 1 1 3 1054 
Rx 0.583429 1 1 3 1054 418160
Tx 0.584011 1 1 3 1054 
Rx 0.584429 1 1 3 1054 418160
Tx 0.585011 1 1 3 1054 
Rx 0.585442 1 1 3 1054 430640
Tx 0.586011 1 1 3 1054 
Rx 0.586442 1 1 3 1054 430640
Tx 0.587011 1 1 3 1054 
Rx 0.587442 1 1 3 1054 430640
Tx 0.588011 1 1 3 1054 
Rx 0.588442 1 1 3 1054 430640
Tx 0.589011 1 1 3 1054 
Rx 0.589442 1 1 3 1054 430640
Tx 0.590011 1 1 3 1054 
Rx 0.590442 1 1 3 1054 430640
Tx 0.591011 1 1 3 1054 
Rx 0.591442 1 1 3 1054 430640
Tx 0.592011 1 1 3 1054 
Rx 0.592429 1 1 3 1054 418160
Tx 0.593011 1 1 3 1054 
Rx 0.593429 1 1 3 1054 418160
Tx 0.594011 1 1 3 1054 
Rx 0.594429 1 1 3 1054 418160
Tx 0.595011 1 1 3 1054 
Rx 0.595429 1 1 3 1054 418160
Tx 0.596011 1 1 3 1054 
Rx 0.596429 1 1 3 1054 418160
Tx 0.597011 1 1 3 1054 
Tx 0.598011 1 1 3 1054 
Tx 0.599011 1 1 3 1054 
Tx 0.600011 1 1 3 1054 
Tx 0.601011 1 1 3 1054 
Tx 0.602011 1 1 3 1054 
Tx 0.603011 1 1 3 1054 
Tx 0.604011 1 1 3 1054 
Tx 0.605011 1 1 3 1054 
Tx 0.606011 1 1 3 1054 
Tx 0.607011 1 1 3 1054 
Tx 0.608011 1 1 3 1054 
Rx 0.608429 1 1 3 1054 10418160
Rx 0.608429 1 1 3 1054 9418160
Tx 0.609011 1 1 3 1054 
Tx 0.610011 1 1 3 1054 
Tx 0.611011 1 1 3 1054 
Tx 0.612011 1 1 3 1054 
Tx 0.613011 1 1 3 1054 
Tx 0.614011 1 1 3 1054 
Tx 0.615011 1 1 3 1054 
Tx 0.616011 1 1 3 1054 
Tx 0.617011 1 1 3 1054 
Tx 0.618011 1 1 3 1054 
Tx 0.619011 1 1 3 1054 
Tx 0.620011 1 1 3 1054 
Tx 0.621011 1 1 3 1054 
Tx 0.622011 1 1 3 1054 
Tx 0.623011 1 1 3 1054 
Tx 0.624011 1 1 3 1054 
Tx 0.625011 1 1 3 1054 
Tx 0.626011 1 1 3 1054 
Tx 0.627011 1 1 3 1054 
Tx 0.628011 1 1 3 1054 
Tx 0.629011 1 1 3 1054 
Tx 0.630011 1 1 3 1054 
Tx 0.631011 1 1 3 1054 
Tx 0.632011 1 1 3 1054 
Tx 0.633011 1 1 3 1054 
Tx 0.634011 1 1 3 1054 
Tx 0.635011 1 1 3 1054 
Tx 0.636011 1 1 3 1054 
Tx 0.637011 1 1 3 1054 
Tx 0.638011 1 1 3 1054 
Tx 0.639011 1 1 3 1054 
Tx 0.640011 1 1 3 1054 
Tx 0.641011 1 1 3 1054 
Tx 0.642011 1 1 3 1054 
Tx 0.643011 1 1 3 1054 
Tx 0.644011 1 1 3 1054 
Tx 0.645011 1 1 3 1054 
Tx 0.646011 1 1 3 1054 
Tx 0.647011 1 1 3 1054 
Tx 0.648011 1 1 3 1054 
Tx 0.649011 1 1 3 1054 
Tx 0.650011 1 1 3 1054 
Tx 0.651011 1 1 3 1054 
Tx 0.652011 1 1 3 1054 
Tx 0.653011 1 1 3 1054 
Tx 0.654011 1 1 3 1054 
Tx 0.655011 1 1 3 1054 
Tx 0.656011 1 1 3 1054 
Tx 0.657011 1 1 3 1054 
Tx 0.658011 1 1 3 1054 
Tx 0.659011 1 1 3 1054 
Tx 0.660011 1 1 3 1054 
Tx 0.661011 1 1 3 1054 
Tx 0.662011 1 1 3 1054 
Tx 0.663011 1 1 3 1054 
Tx 0.664011 1 1 3 1054 
Tx 0.665011 1 1 3 1054 
Tx 0.666011 1 1 3 1054 
Tx 0.667011 1 1 3 1054 
Tx 0.668011 1 1 3 1054 
Tx 0.669011 1 1 3 1054 
Tx 0.670011 1 1 3 1054 
Tx 0.671011 1 1 3 1054 
Tx 0.672011 1 1 3 1054 
Tx 0.673011 1 1 3 1054 
Tx 0.674011 1 1 3 1054 
Tx 0.675011 1 1 3 1054 
Tx 0.676011 1 1 3 1054 
Tx 0.677011 1 1 3 1054 
Tx 0.678011 1 1 3 1054 
Tx 0.679011 1 1 3 1054 
Tx 0.680011 1 1 3 1054 
Tx 0.681011 1 1 3 1054 
Tx 0.682011 1 1 3 1054 
Tx 0.683011 1 1 3 1054 
Tx 0.684011 1 1 3 1054 
Tx 0.685011 1 1 3 1054 
Tx 0.686011 1 1 3 1054 
Tx 0.687011 1 1 3 1054 
Tx 0.688011 1 1 3 1054 
Tx 0.689011 1 1 3 1054 
Tx 0.690011 1 1 3 1054 
Tx 0.691011 1 1 3 1054 
Tx 0.692011 1 1 3 1054 
Tx 0.693011 1 1 3 1054 
Tx 0.694011 1 1 3 1054 
Tx 0.695011 1 1 3 1054 
Tx 0.696011 1 1 3 1054 
Tx 0.697011 1 1 3 1054 
Tx 0.698011 1 1 3 1054 
Tx 0.699011 1 1 3 1054 
Tx 0.700011 1 1 3 1054 
Tx 0.701011 1 1 3 1054 
Tx 0.702011 1 1 3 1054 
Tx 0.703011 1 1 3 1054 
Tx 0.704011 1 1 3 1054 
Tx 0.705011 1 1 3 1054 
Tx 0.706011 1 1 3 1054 
Tx 0.707011 1 1 3 1054 
Tx 0.708011 1 1 3 1054 
Tx 0.709011 1 1 3 1054 
Tx 0.710011 1 1 3 1054 
Tx 0.711011 1 1 3 1054 
Tx 0.712011 1 1 3 1054 
Tx 0.713011 1 1 3 1054 
Tx 0.714011 1 1 3 1054 
Tx 0.715011 1 1 3 1054 
Rx 0.715096 1 1 3 1054 40084720
Rx 0.715096 1 1 3 1054 39084720
Rx 0.715096 1 1 3 1054 31084720
Rx 0.715096 1 1 3 1054 30084720
Rx 0.715096 1 1 3 1054 29084720
Rx 0.715096 1 1 3 1054 28084720
Rx 0.715096 1 1 3 1054 20084720
Rx 0.715096 1 1 3 1054 19084720
Rx 0.715096 1 1 3 1054 18084720
Rx 0.715096 1 1 3 1054 10084720
Rx 0.715096 1 1 3 1054 9084720
Rx 0.715096 1 1 3 1054 8084720
Rx 0.715096 1 1 3 1054 7084720
Rx 0.715096 1 1 3 1054 6084720
Rx 0.715096 1 1 3 1054 5084720
Rx 0.715096 1 1 3 1054 4084720
Rx 0.715096 1 1 3 1054 3084720
Rx 0.715096 1 1 3 1054 2084720
Rx 0.715096 1 1 3 1054 1084720
Rx 0.715429 1 1 3 1054 418160
Tx 0.716011 1 1 3 1054 
Rx 0.716429 1 1 3 1054 418160
Tx 0.717011 1 1 3 1054 
Tx 0.718011 1 1 3 1054 
Tx 0.719011 1 1 3 1054 
Tx 0.720011 1 1 3 1054 
Tx 0.721011 1 1 3 1054 
Tx 0.722011 1 1 3 1054 
Tx 0.723011 1 1 3 1054 
Tx 0.724011 1 1 3 1054 
Tx 0.725011 1 1 3 1054 
Tx 0.726011 1 1 3 1054 
Tx 0.727011 1 1 3 1054 
Tx 0.728011 1 1 3 1054 
Rx 0.728442 1 1 3 1054 10430640
Rx 0.728442 1 1 3 1054 9430640
Rx 0.728442 1 1 3 1054 8430640
Rx 0.728442 1 1 3 1054 7430640
Rx 0.728442 1 1 3 1054 6430640
Rx 0.728442 1 1 3 1054 5430640
Rx 0.728442 1 1 3 1054 4430640
Rx 0.728442 1 1 3 1054 3430640
Rx 0.728442 1 1 3 1054 2430640
Rx 0.728442 1 1 3 1054 1430640
Rx 0.728471 1 1 3 1054 459760
Tx 0.729011 1 1 3 1054 
Rx 0.729471 1 1 3 1054 459760
Tx 0.730011 1 1 3 1054 
Rx 0.730471 1 1 3 1054 459760
Tx 0.731011 1 1 3 1054 
Rx 0.731471 1 1 3 1054 459760
Tx 0.732011 1 1 3 1054 
Rx 0.732471 1 1 3 1054 459760
Tx 0.733011 1 1 3 1054 
Rx 0.733442 1 1 3 1054 430640
Tx 0.734011 1 1 3 1054 
Rx 0.734442 1 1 3 1054 430640
Tx 0.735011 1 1 3 1054 
Rx 0.735442 1 1 3 1054 430640
Tx 0.736011 1 1 3 1054 
Rx 0.736442 1 1 3 1054 430640
Tx 0.737011 1 1 3 1054 
Rx 0.737442 1 1 3 1054 430640
Tx 0.738011 1 1 3 1054 
Rx 0.738429 1 1 3 1054 418160
Tx 0.739011 1 1 3 1054 
Rx 0.739429 1 1 3 1054 418160
Tx 0.740011 1 1 3 1054 
Rx 0.740429 1 1 3 1054 418160
Tx 0.741011 1 1 3 1054 
Rx 0.741429 1 1 3 1054 418160
Tx 0.742011 1 1 3 1054 
Rx 0.742429 1 1 3 1054 418160
Tx 0.743011 1 1 3 1054 
Rx 0.743429 1 1 3 1054 418160
Tx 0.744011 1 1 3 1054 
Rx 0.744429 1 1 3 1054 418160
Tx 0.745011 1 1 3 1054 
Rx 0.745429 1 1 3 1054 418160
Tx 0.746011 1 1 3 1054 
Rx 0.746429 1 1 3 1054 418160
Tx 0.747011 1 1 3 1054 
Rx 0.747429 1 1 3 1054 418160
Tx 0.748011 1 1 3 1054 
Rx 0.748429 1 1 3 1054 418160
Tx 0.749011 1 1 3 1054 
Tx 0.750011 1 1 3 1054 
Tx 0.751011 1 1 3 1054 
Tx 0.752011 1 1 3 1054 
Tx 0.753011 1 1 3 1054 
Tx 0.754011 1 1 3 1054 
Tx 0.755011 1 1 3 1054 
Tx 0.756011 1 1 3 1054 
Tx 0.757011 1 1 3 1054 
Tx 0.758011 1 1 3 1054 
Tx 0.759011 1 1 3 1054 
Tx 0.760011 1 1 3 1054 
Rx 0.760442 1 1 3 1054 10430640
Rx 0.760442 1 1 3 1054 9430640
Rx 0.760442 1 1 3 1054 8430640
Rx 0.760442 1 1 3 1054 7430640
Tx 0.761011 1 1 3 1054 
Tx 0.762011 1 1 3 1054 
Tx 0.763011 1 1 3 1054 
Tx 0.764011 1 1 3 1054 
Tx 0.765011 1 1 3 1054 
Tx 0.766011 1 1 3 1054 
Tx 0.767011 1 1 3 1054 
Tx 0.768011 1 1 3 1054 
Tx 0.769011 1 1 3 1054 
Tx 0.770011 1 1 3 1054 
Rx 0.770442 1 1 3 1054 15430640
Rx 0.770442 1 1 3 1054 14430640
Rx 0.770442 1 1 3 1054 13430640
Rx 0.770442 1 1 3 1054 12430640
Rx 0.770442 1 1 3 1054 11430640
Rx 0.770442 1 1 3 1054 10430640
Rx 0.770442 1 1 3 1054 9430640
Rx 0.770442 1 1 3 1054 8430640
Rx 0.770442 1 1 3 1054 7430640
Rx 0.770442 1 1 3 1054 6430640
Rx 0.770442 1 1 3 1054 5430640
Rx 0.770442 1 1 3 1054 4430640
Rx 0.770442 1 1 3 1054 3430640
Rx 0.770442 1 1 3 1054 2430640
Rx 0.770442 1 1 3 1054 1430640
Rx 0.770442 1 1 3 1054 430640
Tx 0.771011 1 1 3 1054 
Rx 0.771429 1 1 3 1054 418160
Tx 0.772011 1 1 3 1054 
Rx 0.772429 1 1 3 1054 418160
Tx 0.773011 1 1 3 1054 
Rx 0.773429 1 1 3 1054 418160
Tx 0.774011 1 1 3 1054 
Rx 0.774429 1 1 3 1054 418160
Tx 0.775011 1 1 3 1054 
Rx 0.775429 1 1 3 1054 418160
Tx 0.776011 1 1 3 1054 
Rx 0.776429 1 1 3 1054 418160
Tx 0.777011 1 1 3 1054 
Rx 0.777429 1 1 3 1054 418160
Tx 0.778011 1 1 3 1054 
Rx 0.778429 1 1 3 1054 418160
Tx 0.779011 1 1 3 1054 
Rx 0.779429 1 1 3 1054 418160
Tx 0.780011 1 1 3 1054 
Rx 0.780429 1 1 3 1054 418160
Tx 0.781011 1 1 3 1054 
Rx 0.781429 1 1 3 1054 418160
Tx 0.782011 1 1 3 1054 
Tx 0.783011 1 1 3 1054 
Tx 0.784011 1 1 3 1054 
Tx 0.785011 1 1 3 1054 
Tx 0.786011 1 1 3 1054 
Tx 0.787011 1 1 3 1054 
Tx 0.788011 1 1 3 1054 
Tx 0.789011 1 1 3 1054 
Tx 0.790011 1 1 3 1054 
Tx 0.791011 1 1 3 1054 
Tx 0.792011 1 1 3 1054 
Tx 0.793011 1 1 3 1054 
Rx 0.793442 1 1 3 1054 10430640
Rx 0.793442 1 1 3 1054 9430640
Rx 0.793442 1 1 3 1054 8430640
Tx 0.794011 1 1 3 1054 
Tx 0.795011 1 1 3 1054 
Tx 0.796011 1 1 3 1054 
Tx 0.797011 1 1 3 1054 
Tx 0.798011 1 1 3 1054 
Tx 0.799011 1 1 3 1054 
Tx 0.800011 1 1 3 1054 
Tx 0.801011 1 1 3 1054 
Tx 0.802011 1 1 3 1054 
Tx 0.803011 1 1 3 1054 
Rx 0.803442 1 1 3 1054 16430640
Rx 0.803442 1 1 3 1054 15430640
Rx 0.803442 1 1 3 1054 14430640
Rx 0.803442 1 1 3 1054 13430640
Rx 0.803442 1 1 3 1054 12430640
Rx 0.803442 1 1 3 1054 11430640
Rx 0.803442 1 1 3 1054 10430640
Rx 0.803442 1 1 3 1054 9430640
Rx 0.803442 1 1 3 1054 8430640
Rx 0.803442 1 1 3 1054 7430640
Rx 0.803442 1 1 3 1054 6430640
Rx 0.803442 1 1 3 1054 5430640
Rx 0.803442 1 1 3 1054 4430640
Rx 0.803442 1 1 3 1054 3430640
Rx 0.803442 1 1 3 1054 2430640
Rx 0.803442 1 1 3 1054 1430640
Rx 0.803442 1 1 3 1054 430640
Tx 0.804011 1 1 3 1054 
Rx 0.804429 1 1 3 1054 418160
Tx 0.805011 1 1 3 1054 
Rx 0.805429 1 1 3 1054 418160
Tx 0.806011 1 1 3 1054 
Rx 0.806429 1 1 3 1054 418160
Tx 0.807011 1 1 3 1054 
Rx 0.807429 1 1 3 1054 418160
Tx 0.808011 1 1 3 1054 
Rx 0.808429 1 1 3 1054 418160
Tx 0.809011 1 1 3 1054 
Rx 0.809442 1 1 3 1054 430640
Tx 0.810011 1 1 3 1054 
Rx 0.810442 1 1 3 1054 430640
Tx 0.811011 1 1 3 1054 
Rx 0.811442 1 1 3 1054 430640
Tx 0.812011 1 1 3 1054 
Tx 0.813011 1 1 3 1054 
Tx 0.814011 1 1 3 1054 
Tx 0.815011 1 1 3 1054 
Tx 0.816011 1 1 3 1054 
Tx 0.817011 1 1 3 1054 
Tx 0.818011 1 1 3 1054 
Tx 0.819011 1 1 3 1054 
Tx 0.820011 1 1 3 1054 
Tx 0.821011 1 1 3 1054 
Tx 0.822011 1 1 3 1054 
Tx 0.823011 1 1 3 1054 
Rx 0.823471 1 1 3 1054 10459760
Rx 0.823471 1 1 3 1054 9459760
Rx 0.823471 1 1 3 1054 8459760
Rx 0.823471 1 1 3 1054 7459760
Rx 0.823471 1 1 3 1054 6459760
Rx 0.823471 1 1 3 1054 5459760
Rx 0.823471 1 1 3 1054 4459760
Rx 0.823471 1 1 3 1054 3459760
Rx 0.823471 1 1 3 1054 2459760
Rx 0.823471 1 1 3 1054 1459760
Rx 0.823471 1 1 3 1054 459760
Tx 0.824011 1 1 3 1054 
Rx 0.824442 1 1 3 1054 430640
Tx 0.825011 1 1 3 1054 
Rx 0.825442 1 1 3 1054 430640
Tx 0.826011 1 1 3 1054 
Rx 0.826442 1 1 3 1054 430640
Tx 0.827011 1 1 3 1054 
Rx 0.827442 1 1 3 1054 430640
Tx 0.828011 1 1 3 1054 
Rx 0.828442 1 1 3 1054 430640
Tx 0.829011 1 1 3 1054 
Rx 0.829442 1 1 3 1054 430640
Tx 0.830011 1 1 3 1054 
Rx 0.830442 1 1 3 1054 430640
Tx 0.831011 1 1 3 1054 
Rx 0.831442 1 1 3 1054 430640
Tx 0.832011 1 1 3 1054 
Rx 0.832442 1 1 3 1054 430640
Tx 0.833011 1 1 3 1054 
Rx 0.833442 1 1 3 1054 430640
Tx 0.834011 1 1 3 1054 
Rx 0.834442 1 1 3 1054 430640
Tx 0.835011 1 1 3 1054 
Rx 0.835442 1 1 3 1054 430640
Tx 0.836011 1 1 3 1054 
Rx 0.836442 1 1 3 1054 430640
Tx 0.837011 1 1 3 1054 
Rx 0.837442 1 1 3 1054 430640
Tx 0.838011 1 1 3 1054 
Rx 0.838442 1 1 3 1054 430640
Tx 0.839011 1 1 3 1054 
Rx 0.839442 1 1 3 1054 430640
Tx 0.840011 1 1 3 1054 
Rx 0.840442 1 1 3 1054 430640
Tx 0.841011 1 1 3 1054 
Rx 0.841442 1 1 3 1054 430640
Tx 0.842011 1 1 3 1054 
Rx 0.842442 1 1 3 1054 430640
Tx 0.843011 1 1 3 1054 
Rx 0.843442 1 1 3 1054 430640
Tx 0.844011 1 1 3 1054 
Tx 0.845011 1 1 3 1054 
Tx 0.846011 1 1 3 1054 
Tx 0.847011 1 1 3 1054 
Tx 0.848011 1 1 3 1054 
Tx 0.849011 1 1 3 1054 
Tx 0.850011 1 1 3 1054 
Tx 0.851011 1 1 3 1054 
Tx 0.852011 1 1 3 1054 
Tx 0.853011 1 1 3 1054 
Tx 0.854011 1 1 3 1054 
Tx 0.855011 1 1 3 1054 
Rx 0.855471 1 1 3 1054 10459760
Rx 0.855471 1 1 3 1054 9459760
Rx 0.855471 1 1 3 1054 8459760
Rx 0.855471 1 1 3 1054 7459760
Rx 0.855471 1 1 3 1054 6459760
Rx 0.855471 1 1 3 1054 5459760
Rx 0.855471 1 1 3 1054 4459760
Rx 0.855471 1 1 3 1054 3459760
Rx 0.855471 1 1 3 1054 2459760
Rx 0.855471 1 1 3 1054 1459760
Rx 0.855471 1 1 3 1054 459760
Tx 0.856011 1 1 3 1054 
Rx 0.856442 1 1 3 1054 430640
Tx 0.857011 1 1 3 1054 
Rx 0.857442 1 1 3 1054 430640
Tx 0.858011 1 1 3 1054 
Rx 0.858442 1 1 3 1054 430640
Tx 0.859011 1 1 3 1054 
Rx 0.859442 1 1 3 1054 430640
Tx 0.860011 1 1 3 1054 
Rx 0.860442 1 1 3 1054 430640
Tx 0.861011 1 1 3 1054 
Rx 0.861442 1 1 3 1054 430640
Tx 0.862011 1 1 3 1054 
Rx 0.862442 1 1 3 1054 430640
Tx 0.863011 1 1 3 1054 
Rx 0.863442 1 1 3 1054 430640
Tx 0.864011 1 1 3 1054 
Rx 0.864442 1 1 3 1054 430640
Tx 0.865011 1 1 3 1054 
Rx 0.865442 1 1 3 1054 430640
Tx 0.866011 1 1 3 1054 
Rx 0.866442 1 1 3 1054 430640
Tx 0.867011 1 1 3 1054 
Rx 0.867442 1 1 3 1054 430640
Tx 0.868011 1 1 3 1054 
Rx 0.868442 1 1 3 1054 430640
Tx 0.869011 1 1 3 1054 
Rx 0.869442 1 1 3 1054 430640
Tx 0.870011 1 1 3 1054 
Rx 0.870442 1 1 3 1054 430640
Tx 0.871011 1 1 3 1054 
Rx 0.871442 1 1 3 1054 430640
Tx 0.872011 1 1 3 1054 
Rx 0.872442 1 1 3 1054 430640
Tx 0.873011 1 1 3 1054 
Rx 0.873442 1 1 3 1054 430640
Tx 0.874011 1 1 3 1054 
Tx 0.875011 1 1 3 1054 
Tx 0.876011 1 1 3 1054 
Tx 0.877011 1 1 3 1054 
Tx 0.878011 1 1 3 1054 
Tx 0.879011 1 1 3 1054 
Tx 0.880011 1 1 3 1054 
Tx 0.881011 1 1 3 1054 
Tx 0.882011 1 1 3 1054 
Tx 0.883011 1 1 3 1054 
Tx 0.884011 1 1 3 1054 
Tx 0.885011 1 1 3 1054 
Rx 0.885471 1 1 3 1054 10459760
Rx 0.885471 1 1 3 1054 9459760
Rx 0.885471 1 1 3 1054 8459760
Rx 0.885471 1 1 3 1054 7459760
Rx 0.885471 1 1 3 1054 6459760
Rx 0.885471 1 1 3 1054 5459760
Rx 0.885471 1 1 3 1054 4459760
Rx 0.885471 1 1 3 1054 3459760
Rx 0.885471 1 1 3 1054 2459760
Rx 0.885471 1 1 3 1054 1459760
Rx 0.885471 1 1 3 1054 459760
Tx 0.886011 1 1 3 1054 
Rx 0.886429 1 1 3 1054 418160
Tx 0.887011 1 1 3 1054 
Rx 0.887429 1 1 3 1054 418160
Tx 0.888011 1 1 3 1054 
Rx 0.888429 1 1 3 1054 418160
Tx 0.889011 1 1 3 1054 
Rx 0.889429 1 1 3 1054 418160
Tx 0.890011 1 1 3 1054 
Rx 0.890429 1 1 3 1054 418160
Tx 0.891011 1 1 3 1054 
Rx 0.891429 1 1 3 1054 418160
Tx 0.892011 1 1 3 1054 
Rx 0.892442 1 1 3 1054 430640
Tx 0.893011 1 1 3 1054 
Rx 0.893442 1 1 3 1054 430640
Tx 0.894011 1 1 3 1054 
Rx 0.894442 1 1 3 1054 430640
Tx 0.895011 1 1 3 1054 
Rx 0.895442 1 1 3 1054 430640
Tx 0.896011 1 1 3 1054 
Rx 0.896442 1 1 3 1054 430640
Tx 0.897011 1 1 3 1054 
Rx 0.897429 1 1 3 1054 418160
Tx 0.898011 1 1 3 1054 
Rx 0.898429 1 1 3 1054 418160
Tx 0.899011 1 1 3 1054 
Rx 0.899429 1 1 3 1054 418160
Tx 0.900011 1 1 3 1054 
Tx 0.901011 1 1 3 1054 
Tx 0.902011 1 1 3 1054 
Tx 0.903011 1 1 3 1054 
Tx 0.904011 1 1 3 1054 
Tx 0.905011 1 1 3 1054 
Tx 0.906011 1 1 3 1054 
Tx 0.907011 1 1 3 1054 
Tx 0.908011 1 1 3 1054 
Tx 0.909011 1 1 3 1054 
Tx 0.910011 1 1 3 1054 
Tx 0.911011 1 1 3 1054 
Rx 0.911442 1 1 3 1054 10430640
Rx 0.911442 1 1 3 1054 9430640
Rx 0.911442 1 1 3 1054 8430640
Rx 0.911442 1 1 3 1054 7430640
Rx 0.911442 1 1 3 1054 6430640
Rx 0.911442 1 1 3 1054 5430640
Rx 0.911442 1 1 3 1054 4430640
Rx 0.911442 1 1 3 1054 3430640
Rx 0.911442 1 1 3 1054 2430640
Tx 0.912011 1 1 3 1054 
Tx 0.913011 1 1 3 1054 
Tx 0.914011 1 1 3 1054 
Tx 0.915011 1 1 3 1054 
Tx 0.916011 1 1 3 1054 
Tx 0.917011 1 1 3 1054 
Tx 0.918011 1 1 3 1054 
Tx 0.919011 1 1 3 1054 
Tx 0.920011 1 1 3 1054 
Tx 0.921011 1 1 3 1054 
Rx 0.921442 1 1 3 1054 10430640
Rx 0.921442 1 1 3 1054 9430640
Rx 0.921442 1 1 3 1054 8430640
Rx 0.921442 1 1 3 1054 7430640
Rx 0.921442 1 1 3 1054 6430640
Rx 0.921442 1 1 3 1054 5430640
Rx 0.921442 1 1 3 1054 4430640
Rx 0.921442 1 1 3 1054 3430640
Rx 0.921442 1 1 3 1054 2430640
Rx 0.921442 1 1 3 1054 1430640
Rx 0.921442 1 1 3 1054 430640
Tx 0.922011 1 1 3 1054 
Rx 0.922429 1 1 3 1054 418160
Tx 0.923011 1 1 3 1054 
Rx 0.923429 1 1 3 1054 418160
Tx 0.924011 1 1 3 1054 
Rx 0.924429 1 1 3 1054 418160
Tx 0.925011 1 1 3 1054 
Rx 0.925442 1 1 3 1054 430640
Tx 0.926011 1 1 3 1054 
Rx 0.926442 1 1 3 1054 430640
Tx 0.927011 1 1 3 1054 
Rx 0.927442 1 1 3 1054 430640
Tx 0.928011 1 1 3 1054 
Rx 0.928442 1 1 3 1054 430640
Tx 0.929011 1 1 3 1054 
Rx 0.929442 1 1 3 1054 430640
Tx 0.930011 1 1 3 1054 
Rx 0.930442 1 1 3 1054 430640
Tx 0.931011 1 1 3 1054 
Rx 0.931442 1 1 3 1054 430640
Tx 0.932011 1 1 3 1054 
Rx 0.932442 1 1 3 1054 430640
Tx 0.933011 1 1 3 1054 
Rx 0.933442 1 1 3 1054 430640
Tx 0.934011 1 1 3 1054 
Rx 0.934442 1 1 3 1054 430640
Tx 0.935011 1 1 3 1054 
Rx 0.935442 1 1 3 1054 430640
Tx 0.936011 1 1 3 1054 
Rx 0.936442 1 1 3 1054 430640
Tx 0.937011 1 1 3 1054 
Rx 0.937442 1 1 3 1054 430640
Tx 0.938011 1 1 3 1054 
Rx 0.938442 1 1 3 1054 430640
Tx 0.939011 1 1 3 1054 
Rx 0.939429 1 1 3 1054 418160
Tx 0.940011 1 1 3 1054 
Rx 0.940429 1 1 3 1054 418160
Tx 0.941011 1 1 3 1054 
Rx 0.941429 1 1 3 1054 418160
Tx 0.942011 1 1 3 1054 
Rx 0.942442 1 1 3 1054 430640
Tx 0.943011 1 1 3 1054 
Rx 0.943442 1 1 3 1054 430640
Tx 0.944011 1 1 3 1054 
Rx 0.944442 1 1 3 1054 430640
Tx 0.945011 1 1 3 1054 
Rx 0.945442 1 1 3 1054 430640
Tx 0.946011 1 1 3 1054 
Rx 0.946442 1 1 3 1054 430640
Tx 0.947011 1 1 3 1054 
Rx 0.947442 1 1 3 1054 430640
Tx 0.948011 1 1 3 1054 
Rx 0.948442 1 1 3 1054 430640
Tx 0.949011 1 1 3 1054 
Rx 0.949442 1 1 3 1054 430640
Tx 0.950011 1 1 3 1054 
Rx 0.950442 1 1 3 1054 430640
Tx 0.951011 1 1 3 1054 
Rx 0.951442 1 1 3 1054 430640
Tx 0.952011 1 1 3 1054 
Rx 0.952442 1 1 3 1054 430640
Tx 0.953011 1 1 3 1054 
Rx 0.953442 1 1 3 1054 430640
Tx 0.954011 1 1 3 1054 
Rx 0.954429 1 1 3 1054 418160
Tx 0.955011 1 1 3 1054 
Rx 0.955429 1 1 3 1054 418160
Tx 0.956011 1 1 3 1054 
Rx 0.956429 1 1 3 1054 418160
Tx 0.957011 1 1 3 1054 
Rx 0.957429 1 1 3 1054 418160
Tx 0.958011 1 1 3 1054 
Rx 0.958429 1 1 3 1054 418160
Tx 0.959011 1 1 3 1054 
Rx 0.959442 1 1 3 1054 430640
Tx 0.960011 1 1 3 1054 
Rx 0.960442 1 1 3 1054 430640
Tx 0.961011 1 1 3 1054 
Rx 0.961442 1 1 3 1054 430640
Tx 0.962011 1 1 3 1054 
Rx 0.962442 1 1 3 1054 430640
Tx 0.963011 1 1 3 1054 
Rx 0.963442 1 1 3 1054 430640
Tx 0.964011 1 1 3 1054 
Rx 0.964442 1 1 3 1054 430640
Tx 0.965011 1 1 3 1054 
Rx 0.965442 1 1 3 1054 430640
Tx 0.966011 1 1 3 1054 
Rx 0.966442 1 1 3 1054 430640
Tx 0.967011 1 1 3 1054 
Rx 0.967442 1 1 3 1054 430640
Tx 0.968011 1 1 3 1054 
Rx 0.968442 1 1 3 1054 430640
Tx 0.969011 1 1 3 1054 
Rx 0.969442 1 1 3 1054 430640
Tx 0.970011 1 1 3 1054 
Rx 0.970429 1 1 3 1054 418160
Tx 0.971011 1 1 3 1054 
Rx 0.971442 1 1 3 1054 430640
Tx 0.972011 1 1 3 1054 
Rx 0.972442 1 1 3 1054 430640
Tx 0.973011 1 1 3 1054 
Rx 0.973442 1 1 3 1054 430640
Tx 0.974011 1 1 3 1054 
Rx 0.974442 1 1 3 1054 430640
Tx 0.975011 1 1 3 1054 
Rx 0.975442 1 1 3 1054 430640
Tx 0.976011 1 1 3 1054 
Rx 0.976442 1 1 3 1054 430640
Tx 0.977011 1 1 3 1054 
Rx 0.977442 1 1 3 1054 430640
Tx 0.978011 1 1 3 1054 
Rx 0.978442 1 1 3 1054 430640
Tx 0.979011 1 1 3 1054 
Rx 0.979442 1 1 3 1054 430640
Tx 0.980011 1 1 3 1054 
Rx 0.980442 1 1 3 1054 430640
Tx 0.981011 1 1 3 1054 
Rx 0.981442 1 1 3 1054 430640
Tx 0.982011 1 1 3 1054 
Rx 0.982442 1 1 3 1054 430640
Tx 0.983011 1 1 3 1054 
Rx 0.983442 1 1 3 1054 430640
Tx 0.984011 1 1 3 1054 
Rx 0.984442 1 1 3 1054 430640
Tx 0.985011 1 1 3 1054 
Rx 0.985442 1 1 3 1054 430640
Tx 0.986011 1 1 3 1054 
Rx 0.986429 1 1 3 1054 418160
Tx 0.987011 1 1 3 1054 
Rx 0.987429 1 1 3 1054 418160
Tx 0.988011 1 1 3 1054 
Rx 0.988429 1 1 3 1054 418160
Tx 0.989011 1 1 3 1054 
Rx 0.989429 1 1 3 1054 418160
Tx 0.990011 1 1 3 1054 
Tx 0.991011 1 1 3 1054 
Tx 0.992011 1 1 3 1054 
Tx 0.993011 1 1 3 1054 
Tx 0.994011 1 1 3 1054 
Tx 0.995011 1 1 3 1054 
Tx 0.996011 1 1 3 1054 
Tx 0.997011 1 1 3 1054 
Tx 0.998011 1 1 3 1054 
Tx 0.999011 1 1 3 1054 
