Tx 0.0029 1 1 0 12 
Rx 0.00320832 1 1 0 12 308319
Tx 0.0038 1 1 1 2 
Tx 0.0229 1 1 1 33 
Rx 0.0234915 1 1 3 1056 391519
Tx 0.0238 1 1 1 2 
Tx 0.0241 1 1 3 1056 
Rx 0.0241083 1 1 1 2 0
Rx 0.0244416 1 1 3 1056 341599
Tx 0.0251 1 1 3 1056 
Rx 0.0254291 1 1 3 1056 329119
Tx 0.0261 1 1 3 1056 
Rx 0.0264291 1 1 3 1056 329119
Tx 0.0271 1 1 3 1056 
Rx 0.0274291 1 1 3 1056 329119
Tx 0.0281 1 1 3 1056 
Rx 0.0284291 1 1 3 1056 329119
Tx 0.0291 1 1 3 1056 
Tx 0.0301 1 1 3 1056 
Rx 0.0304416 1 1 3 1056 341599
Tx 0.0311 1 1 3 1056 
Rx 0.0314416 1 1 3 1056 341599
Tx 0.0321 1 1 3 1056 
Rx 0.0324416 1 1 3 1056 341599
Tx 0.0331 1 1 3 1056 
Rx 0.0334416 1 1 3 1056 341599
Tx 0.0341 1 1 3 1056 
Rx 0.0344416 1 1 3 1056 341599
Tx 0.0351 1 1 3 1056 
Rx 0.0354416 1 1 3 1056 341599
Tx 0.0361 1 1 3 1056 
Rx 0.0364416 1 1 3 1056 341599
Tx 0.0371 1 1 3 1056 
Rx 0.0374416 1 1 3 1056 341599
Tx 0.0381 1 1 3 1056 
Rx 0.0384291 1 1 3 1056 329119
Tx 0.0391 1 1 3 1056 
Rx 0.0394416 1 1 3 1056 341599
Tx 0.0401 1 1 3 1056 
Rx 0.0404291 1 1 3 1056 329119
Tx 0.0411 1 1 3 1056 
Rx 0.0414291 1 1 3 1056 329119
Tx 0.0421 1 1 3 1056 
Tx 0.0431 1 1 3 1056 
Rx 0.0434416 1 1 3 1056 341599
Tx 0.0441 1 1 3 1056 
Rx 0.0444416 1 1 3 1056 341599
Tx 0.0451 1 1 3 1056 
Rx 0.0454416 1 1 3 1056 341599
Tx 0.0461 1 1 3 1056 
Rx 0.0464416 1 1 3 1056 341599
Tx 0.0471 1 1 3 1056 
Rx 0.0474416 1 1 3 1056 341599
Tx 0.0481 1 1 3 1056 
Rx 0.0484416 1 1 3 1056 341599
Tx 0.0491 1 1 3 1056 
Rx 0.0494416 1 1 3 1056 341599
Tx 0.0501 1 1 3 1056 
Rx 0.0504291 1 1 3 1056 329119
Tx 0.0511 1 1 3 1056 
Rx 0.0514291 1 1 3 1056 329119
Tx 0.0521 1 1 3 1056 
Rx 0.0524291 1 1 3 1056 329119
Tx 0.0531 1 1 3 1056 
Rx 0.0534291 1 1 3 1056 329119
Tx 0.0541 1 1 3 1056 
Tx 0.0551 1 1 3 1056 
Rx 0.0554416 1 1 3 1056 341599
Tx 0.0561 1 1 3 1056 
Rx 0.0564416 1 1 3 1056 341599
Tx 0.0571 1 1 3 1056 
Rx 0.0574416 1 1 3 1056 341599
Tx 0.0581 1 1 3 1056 
Rx 0.0584416 1 1 3 1056 341599
Tx 0.0591 1 1 3 1056 
Rx 0.0594416 1 1 3 1056 341599
Tx 0.0601 1 1 3 1056 
Rx 0.0604416 1 1 3 1056 341599
Tx 0.0611 1 1 3 1056 
Rx 0.0614416 1 1 3 1056 341599
Tx 0.0621 1 1 3 1056 
Rx 0.0624416 1 1 3 1056 341599
Tx 0.0631 1 1 3 1056 
Rx 0.0634291 1 1 3 1056 329119
Tx 0.0641 1 1 3 1056 
Rx 0.0644291 1 1 3 1056 329119
Tx 0.0651 1 1 3 1056 
Rx 0.0654291 1 1 3 1056 329119
Tx 0.0661 1 1 3 1056 
Rx 0.0664291 1 1 3 1056 329119
Tx 0.0671 1 1 3 1056 
Rx 0.0674291 1 1 3 1056 329119
Tx 0.0681 1 1 3 1056 
Tx 0.0691 1 1 3 1056 
Rx 0.0694416 1 1 3 1056 341599
Tx 0.0701 1 1 3 1056 
Rx 0.0704416 1 1 3 1056 341599
Tx 0.0711 1 1 3 1056 
Rx 0.0714416 1 1 3 1056 341599
Tx 0.0721 1 1 3 1056 
Rx 0.0724416 1 1 3 1056 341599
Tx 0.0731 1 1 3 1056 
Rx 0.0734416 1 1 3 1056 341599
Tx 0.0741 1 1 3 1056 
Rx 0.0744416 1 1 3 1056 341599
Tx 0.0751 1 1 3 1056 
Rx 0.0754416 1 1 3 1056 341599
Tx 0.0761 1 1 3 1056 
Rx 0.0764291 1 1 3 1056 329119
Tx 0.0771 1 1 3 1056 
Rx 0.0774291 1 1 3 1056 329119
Tx 0.0781 1 1 3 1056 
Rx 0.0784291 1 1 3 1056 329119
Tx 0.0791 1 1 3 1056 
Rx 0.0794291 1 1 3 1056 329119
Tx 0.0801 1 1 3 1056 
Rx 0.0804291 1 1 3 1056 329119
Tx 0.0811 1 1 3 1056 
Rx 0.0814291 1 1 3 1056 329119
Tx 0.0821 1 1 3 1056 
Rx 0.0824416 1 1 3 1056 341599
Tx 0.0831 1 1 3 1056 
Rx 0.0834416 1 1 3 1056 341599
Tx 0.0841 1 1 3 1056 
Rx 0.0844416 1 1 3 1056 341599
Tx 0.0851 1 1 3 1056 
Rx 0.0854416 1 1 3 1056 341599
Tx 0.0861 1 1 3 1056 
Rx 0.0864416 1 1 3 1056 341599
Tx 0.0871 1 1 3 1056 
Rx 0.0874416 1 1 3 1056 341599
Tx 0.0881 1 1 3 1056 
Rx 0.0884416 1 1 3 1056 341599
Tx 0.0891 1 1 3 1056 
Rx 0.0894416 1 1 3 1056 341599
Tx 0.0901 1 1 3 1056 
Rx 0.0904291 1 1 3 1056 329119
Tx 0.0911 1 1 3 1056 
Rx 0.0914291 1 1 3 1056 329119
Tx 0.0921 1 1 3 1056 
Rx 0.0924291 1 1 3 1056 329119
Tx 0.0931 1 1 3 1056 
Tx 0.0941 1 1 3 1056 
Rx 0.0944416 1 1 3 1056 341599
Tx 0.0951 1 1 3 1056 
Rx 0.0954416 1 1 3 1056 341599
Tx 0.0961 1 1 3 1056 
Rx 0.0964416 1 1 3 1056 341599
Tx 0.0971 1 1 3 1056 
Rx 0.0974416 1 1 3 1056 341599
Tx 0.0981 1 1 3 1056 
Rx 0.0984416 1 1 3 1056 341599
Tx 0.0991 1 1 3 1056 
Rx 0.0994416 1 1 3 1056 341599
Tx 0.1001 1 1 3 1056 
Rx 0.100442 1 1 3 1056 341599
Tx 0.1011 1 1 3 1056 
Tx 0.1021 1 1 3 1056 
Rx 0.102442 1 1 3 1056 341599
Tx 0.1031 1 1 3 1056 
Rx 0.103442 1 1 3 1056 341599
Tx 0.1041 1 1 3 1056 
Rx 0.104442 1 1 3 1056 341599
Tx 0.1051 1 1 3 1056 
Rx 0.105442 1 1 3 1056 341599
Tx 0.1061 1 1 3 1056 
Rx 0.106442 1 1 3 1056 341599
Tx 0.1071 1 1 3 1056 
Rx 0.107442 1 1 3 1056 341599
Tx 0.1081 1 1 3 1056 
Rx 0.108442 1 1 3 1056 341599
Tx 0.1091 1 1 3 1056 
Rx 0.109442 1 1 3 1056 341599
Tx 0.1101 1 1 3 1056 
Rx 0.110442 1 1 3 1056 341599
Tx 0.1111 1 1 3 1056 
Rx 0.111442 1 1 3 1056 341599
Tx 0.1121 1 1 3 1056 
Rx 0.112442 1 1 3 1056 341599
Tx 0.1131 1 1 3 1056 
Rx 0.113429 1 1 3 1056 329119
Tx 0.1141 1 1 3 1056 
Rx 0.114429 1 1 3 1056 329119
Tx 0.1151 1 1 3 1056 
Rx 0.115429 1 1 3 1056 329119
Tx 0.1161 1 1 3 1056 
Tx 0.1171 1 1 3 1056 
Rx 0.117442 1 1 3 1056 341599
Tx 0.1181 1 1 3 1056 
Tx 0.1191 1 1 3 1056 
Rx 0.119471 1 1 3 1056 370719
Tx 0.1201 1 1 3 1056 
Rx 0.120471 1 1 3 1056 370719
Tx 0.1211 1 1 3 1056 
Rx 0.121471 1 1 3 1056 370719
Tx 0.1221 1 1 3 1056 
Rx 0.122442 1 1 3 1056 341599
Tx 0.1231 1 1 3 1056 
Rx 0.123442 1 1 3 1056 341599
Tx 0.1241 1 1 3 1056 
Rx 0.124442 1 1 3 1056 341599
Tx 0.1251 1 1 3 1056 
Rx 0.125442 1 1 3 1056 341599
Tx 0.1261 1 1 3 1056 
Rx 0.126429 1 1 3 1056 329119
Tx 0.1271 1 1 3 1056 
Rx 0.127429 1 1 3 1056 329119
Tx 0.1281 1 1 3 1056 
Rx 0.128429 1 1 3 1056 329119
Tx 0.1291 1 1 3 1056 
Rx 0.129429 1 1 3 1056 329119
Tx 0.1301 1 1 3 1056 
Tx 0.1311 1 1 3 1056 
Rx 0.131442 1 1 3 1056 341599
Tx 0.1321 1 1 3 1056 
Tx 0.1331 1 1 3 1056 
Rx 0.133471 1 1 3 1056 370719
Tx 0.1341 1 1 3 1056 
Rx 0.134471 1 1 3 1056 370719
Tx 0.1351 1 1 3 1056 
Rx 0.135442 1 1 3 1056 341599
Tx 0.1361 1 1 3 1056 
Rx 0.136442 1 1 3 1056 341599
Tx 0.1371 1 1 3 1056 
Rx 0.137442 1 1 3 1056 341599
Tx 0.1381 1 1 3 1056 
Rx 0.138442 1 1 3 1056 341599
Tx 0.1391 1 1 3 1056 
Rx 0.139429 1 1 3 1056 329119
Tx 0.1401 1 1 3 1056 
Rx 0.140429 1 1 3 1056 329119
Tx 0.1411 1 1 3 1056 
Tx 0.1421 1 1 3 1056 
Rx 0.142442 1 1 3 1056 341599
Tx 0.1431 1 1 3 1056 
Rx 0.143442 1 1 3 1056 341599
Tx 0.1441 1 1 3 1056 
Rx 0.144442 1 1 3 1056 341599
Tx 0.1451 1 1 3 1056 
Rx 0.145442 1 1 3 1056 341599
Tx 0.1461 1 1 3 1056 
Tx 0.1471 1 1 3 1056 
Rx 0.147471 1 1 3 1056 370719
Tx 0.1481 1 1 3 1056 
Rx 0.148442 1 1 3 1056 341599
Tx 0.1491 1 1 3 1056 
Rx 0.149442 1 1 3 1056 341599
Tx 0.1501 1 1 3 1056 
Rx 0.150442 1 1 3 1056 341599
Tx 0.1511 1 1 3 1056 
Rx 0.151429 1 1 3 1056 329119
Tx 0.1521 1 1 3 1056 
Rx 0.152429 1 1 3 1056 329119
Tx 0.1531 1 1 3 1056 
Rx 0.153429 1 1 3 1056 329119
Tx 0.1541 1 1 3 1056 
Tx 0.1551 1 1 3 1056 
Rx 0.155442 1 1 3 1056 341599
Tx 0.1561 1 1 3 1056 
Rx 0.156442 1 1 3 1056 341599
Tx 0.1571 1 1 3 1056 
Rx 0.157442 1 1 3 1056 341599
Tx 0.1581 1 1 3 1056 
Rx 0.158442 1 1 3 1056 341599
Tx 0.1591 1 1 3 1056 
Rx 0.159442 1 1 3 1056 341599
Tx 0.1601 1 1 3 1056 
Rx 0.160442 1 1 3 1056 341599
Tx 0.1611 1 1 3 1056 
Rx 0.161442 1 1 3 1056 341599
Tx 0.1621 1 1 3 1056 
Rx 0.162442 1 1 3 1056 341599
Tx 0.1631 1 1 3 1056 
Rx 0.163442 1 1 3 1056 341599
Tx 0.1641 1 1 3 1056 
Rx 0.164429 1 1 3 1056 329119
Tx 0.1651 1 1 3 1056 
Rx 0.165429 1 1 3 1056 329119
Tx 0.1661 1 1 3 1056 
Rx 0.166429 1 1 3 1056 329119
Tx 0.1671 1 1 3 1056 
Tx 0.1681 1 1 3 1056 
Rx 0.168442 1 1 3 1056 341599
Tx 0.1691 1 1 3 1056 
Rx 0.169442 1 1 3 1056 341599
Tx 0.1701 1 1 3 1056 
Rx 0.170442 1 1 3 1056 341599
Tx 0.1711 1 1 3 1056 
Rx 0.171442 1 1 3 1056 341599
Tx 0.1721 1 1 3 1056 
Rx 0.172442 1 1 3 1056 341599
Tx 0.1731 1 1 3 1056 
Rx 0.173442 1 1 3 1056 341599
Tx 0.1741 1 1 3 1056 
Rx 0.174442 1 1 3 1056 341599
Tx 0.1751 1 1 3 1056 
Rx 0.175442 1 1 3 1056 341599
Tx 0.1761 1 1 3 1056 
Rx 0.176442 1 1 3 1056 341599
Tx 0.1771 1 1 3 1056 
Rx 0.177442 1 1 3 1056 341599
Tx 0.1781 1 1 3 1056 
Rx 0.178429 1 1 3 1056 329119
Tx 0.1791 1 1 3 1056 
Rx 0.179429 1 1 3 1056 329119
Tx 0.1801 1 1 3 1056 
Rx 0.180429 1 1 3 1056 329119
Tx 0.1811 1 1 3 1056 
Tx 0.1821 1 1 3 1056 
Rx 0.182442 1 1 3 1056 341599
Tx 0.1831 1 1 3 1056 
Rx 0.183442 1 1 3 1056 341599
Tx 0.1841 1 1 3 1056 
Rx 0.184442 1 1 3 1056 341599
Tx 0.1851 1 1 3 1056 
Rx 0.185442 1 1 3 1056 341599
Tx 0.1861 1 1 3 1056 
Rx 0.186442 1 1 3 1056 341599
Tx 0.1871 1 1 3 1056 
Rx 0.187442 1 1 3 1056 341599
Tx 0.1881 1 1 3 1056 
Rx 0.188442 1 1 3 1056 341599
Tx 0.1891 1 1 3 1056 
Rx 0.189442 1 1 3 1056 341599
Tx 0.1901 1 1 3 1056 
Rx 0.190442 1 1 3 1056 341599
Tx 0.1911 1 1 3 1056 
Rx 0.191442 1 1 3 1056 341599
Tx 0.1921 1 1 3 1056 
Rx 0.192442 1 1 3 1056 341599
Tx 0.1931 1 1 3 1056 
Rx 0.193442 1 1 3 1056 341599
Tx 0.1941 1 1 3 1056 
Rx 0.194442 1 1 3 1056 341599
Tx 0.1951 1 1 3 1056 
Rx 0.195442 1 1 3 1056 341599
Tx 0.1961 1 1 3 1056 
Rx 0.196442 1 1 3 1056 341599
Tx 0.1971 1 1 3 1056 
Rx 0.197442 1 1 3 1056 341599
Tx 0.1981 1 1 3 1056 
Rx 0.198442 1 1 3 1056 341599
Tx 0.1991 1 1 3 1056 
Rx 0.199442 1 1 3 1056 341599
Tx 0.2001 1 1 3 1056 
Rx 0.200442 1 1 3 1056 341599
Tx 0.2011 1 1 3 1056 
Rx 0.201442 1 1 3 1056 341599
Tx 0.2021 1 1 3 1056 
Rx 0.202442 1 1 3 1056 341599
Tx 0.2031 1 1 3 1056 
Rx 0.203442 1 1 3 1056 341599
Tx 0.2041 1 1 3 1056 
Rx 0.204471 1 1 3 1056 370719
Tx 0.2051 1 1 3 1056 
Rx 0.205471 1 1 3 1056 370719
Tx 0.2061 1 1 3 1056 
Rx 0.206471 1 1 3 1056 370719
Tx 0.2071 1 1 3 1056 
Rx 0.207471 1 1 3 1056 370719
Tx 0.2081 1 1 3 1056 
Rx 0.208442 1 1 3 1056 341599
Tx 0.2091 1 1 3 1056 
Rx 0.209442 1 1 3 1056 341599
Tx 0.2101 1 1 3 1056 
Rx 0.210442 1 1 3 1056 341599
Tx 0.2111 1 1 3 1056 
Rx 0.211442 1 1 3 1056 341599
Tx 0.2121 1 1 3 1056 
Rx 0.212442 1 1 3 1056 341599
Tx 0.2131 1 1 3 1056 
Rx 0.213442 1 1 3 1056 341599
Tx 0.2141 1 1 3 1056 
Rx 0.214442 1 1 3 1056 341599
Tx 0.2151 1 1 3 1056 
Rx 0.215442 1 1 3 1056 341599
Tx 0.2161 1 1 3 1056 
Rx 0.216442 1 1 3 1056 341599
Tx 0.2171 1 1 3 1056 
Rx 0.217442 1 1 3 1056 341599
Tx 0.2181 1 1 3 1056 
Rx 0.218442 1 1 3 1056 341599
Tx 0.2191 1 1 3 1056 
Rx 0.219442 1 1 3 1056 341599
Tx 0.2201 1 1 3 1056 
Rx 0.220442 1 1 3 1056 341599
Tx 0.2211 1 1 3 1056 
Rx 0.221442 1 1 3 1056 341599
Tx 0.2221 1 1 3 1056 
Rx 0.222442 1 1 3 1056 341599
Tx 0.2231 1 1 3 1056 
Rx 0.223442 1 1 3 1056 341599
Tx 0.2241 1 1 3 1056 
Rx 0.224442 1 1 3 1056 341599
Tx 0.2251 1 1 3 1056 
Rx 0.225442 1 1 3 1056 341599
Tx 0.2261 1 1 3 1056 
Rx 0.226442 1 1 3 1056 341599
Tx 0.2271 1 1 3 1056 
Rx 0.227442 1 1 3 1056 341599
Tx 0.2281 1 1 3 1056 
Rx 0.228442 1 1 3 1056 341599
Tx 0.2291 1 1 3 1056 
Rx 0.229442 1 1 3 1056 341599
Tx 0.2301 1 1 3 1056 
Rx 0.230442 1 1 3 1056 341599
Tx 0.2311 1 1 3 1056 
Rx 0.231442 1 1 3 1056 341599
Tx 0.2321 1 1 3 1056 
Rx 0.232442 1 1 3 1056 341599
Tx 0.2331 1 1 3 1056 
Rx 0.233442 1 1 3 1056 341599
Tx 0.2341 1 1 3 1056 
Rx 0.234442 1 1 3 1056 341599
Tx 0.2351 1 1 3 1056 
Rx 0.235442 1 1 3 1056 341599
Tx 0.2361 1 1 3 1056 
Rx 0.236442 1 1 3 1056 341599
Tx 0.2371 1 1 3 1056 
Rx 0.237442 1 1 3 1056 341599
Tx 0.2381 1 1 3 1056 
Rx 0.238442 1 1 3 1056 341599
Tx 0.2391 1 1 3 1056 
Rx 0.239442 1 1 3 1056 341599
Tx 0.2401 1 1 3 1056 
Rx 0.240442 1 1 3 1056 341599
Tx 0.2411 1 1 3 1056 
Rx 0.241442 1 1 3 1056 341599
Tx 0.2421 1 1 3 1056 
Rx 0.242442 1 1 3 1056 341599
Tx 0.2431 1 1 3 1056 
Rx 0.243442 1 1 3 1056 341599
Tx 0.2441 1 1 3 1056 
Rx 0.244442 1 1 3 1056 341599
Tx 0.2451 1 1 3 1056 
Rx 0.245442 1 1 3 1056 341599
Tx 0.2461 1 1 3 1056 
Rx 0.246442 1 1 3 1056 341599
Tx 0.2471 1 1 3 1056 
Rx 0.247442 1 1 3 1056 341599
Tx 0.2481 1 1 3 1056 
Rx 0.248442 1 1 3 1056 341599
Tx 0.2491 1 1 3 1056 
Rx 0.249442 1 1 3 1056 341599
Tx 0.2501 1 1 3 1056 
Rx 0.250442 1 1 3 1056 341599
Tx 0.2511 1 1 3 1056 
Rx 0.251442 1 1 3 1056 341599
Tx 0.2521 1 1 3 1056 
Rx 0.252442 1 1 3 1056 341599
Tx 0.2531 1 1 3 1056 
Rx 0.253442 1 1 3 1056 341599
Tx 0.2541 1 1 3 1056 
Rx 0.254442 1 1 3 1056 341599
Tx 0.2551 1 1 3 1056 
Rx 0.255442 1 1 3 1056 341599
Tx 0.2561 1 1 3 1056 
Rx 0.256442 1 1 3 1056 341599
Tx 0.2571 1 1 3 1056 
Rx 0.257442 1 1 3 1056 341599
Tx 0.2581 1 1 3 1056 
Rx 0.258442 1 1 3 1056 341599
Tx 0.2591 1 1 3 1056 
Rx 0.259442 1 1 3 1056 341599
Tx 0.2601 1 1 3 1056 
Rx 0.260442 1 1 3 1056 341599
Tx 0.2611 1 1 3 1056 
Rx 0.261442 1 1 3 1056 341599
Tx 0.2621 1 1 3 1056 
Rx 0.262442 1 1 3 1056 341599
Tx 0.2631 1 1 3 1056 
Rx 0.263442 1 1 3 1056 341599
Tx 0.2641 1 1 3 1056 
Rx 0.264442 1 1 3 1056 341599
Tx 0.2651 1 1 3 1056 
Rx 0.265442 1 1 3 1056 341599
Tx 0.2661 1 1 3 1056 
Rx 0.266442 1 1 3 1056 341599
Tx 0.2671 1 1 3 1056 
Rx 0.267442 1 1 3 1056 341599
Tx 0.2681 1 1 3 1056 
Rx 0.268442 1 1 3 1056 341599
Tx 0.2691 1 1 3 1056 
Rx 0.269442 1 1 3 1056 341599
Tx 0.2701 1 1 3 1056 
Rx 0.270442 1 1 3 1056 341599
Tx 0.2711 1 1 3 1056 
Rx 0.271442 1 1 3 1056 341599
Tx 0.2721 1 1 3 1056 
Rx 0.272442 1 1 3 1056 341599
Tx 0.2731 1 1 3 1056 
Rx 0.273442 1 1 3 1056 341599
Tx 0.2741 1 1 3 1056 
Rx 0.274442 1 1 3 1056 341599
Tx 0.2751 1 1 3 1056 
Rx 0.275442 1 1 3 1056 341599
Tx 0.2761 1 1 3 1056 
Rx 0.276442 1 1 3 1056 341599
Tx 0.2771 1 1 3 1056 
Rx 0.277442 1 1 3 1056 341599
Tx 0.2781 1 1 3 1056 
Rx 0.278442 1 1 3 1056 341599
Tx 0.2791 1 1 3 1056 
Rx 0.279442 1 1 3 1056 341599
Tx 0.2801 1 1 3 1056 
Rx 0.280442 1 1 3 1056 341599
Tx 0.2811 1 1 3 1056 
Rx 0.281442 1 1 3 1056 341599
Tx 0.2821 1 1 3 1056 
Rx 0.282442 1 1 3 1056 341599
Tx 0.2831 1 1 3 1056 
Rx 0.283442 1 1 3 1056 341599
Tx 0.2841 1 1 3 1056 
Rx 0.284442 1 1 3 1056 341599
Tx 0.2851 1 1 3 1056 
Rx 0.285442 1 1 3 1056 341599
Tx 0.2861 1 1 3 1056 
Rx 0.286442 1 1 3 1056 341599
Tx 0.2871 1 1 3 1056 
Rx 0.287442 1 1 3 1056 341599
Tx 0.2881 1 1 3 1056 
Rx 0.288442 1 1 3 1056 341599
Tx 0.2891 1 1 3 1056 
Rx 0.289442 1 1 3 1056 341599
Tx 0.2901 1 1 3 1056 
Rx 0.290442 1 1 3 1056 341599
Tx 0.2911 1 1 3 1056 
Rx 0.291442 1 1 3 1056 341599
Tx 0.2921 1 1 3 1056 
Rx 0.292442 1 1 3 1056 341599
Tx 0.2931 1 1 3 1056 
Rx 0.293442 1 1 3 1056 341599
Tx 0.2941 1 1 3 1056 
Rx 0.294442 1 1 3 1056 341599
Tx 0.2951 1 1 3 1056 
Rx 0.295442 1 1 3 1056 341599
Tx 0.2961 1 1 3 1056 
Rx 0.296442 1 1 3 1056 341599
Tx 0.2971 1 1 3 1056 
Rx 0.297442 1 1 3 1056 341599
Tx 0.2981 1 1 3 1056 
Rx 0.298442 1 1 3 1056 341599
Tx 0.2991 1 1 3 1056 
Rx 0.299442 1 1 3 1056 341599
Tx 0.3001 1 1 3 1056 
Rx 0.300442 1 1 3 1056 341599
Tx 0.3011 1 1 3 1056 
Rx 0.301429 1 1 3 1056 329119
Tx 0.3021 1 1 3 1056 
Rx 0.302429 1 1 3 1056 329119
Tx 0.3031 1 1 3 1056 
Rx 0.303429 1 1 3 1056 329119
Tx 0.3041 1 1 3 1056 
Rx 0.304429 1 1 3 1056 329119
Tx 0.3051 1 1 3 1056 
Rx 0.305429 1 1 3 1056 329119
Tx 0.3061 1 1 3 1056 
Rx 0.306429 1 1 3 1056 329119
Tx 0.3071 1 1 3 1056 
Rx 0.307429 1 1 3 1056 329119
Tx 0.3081 1 1 3 1056 
Rx 0.308429 1 1 3 1056 329119
Tx 0.3091 1 1 3 1056 
Rx 0.309429 1 1 3 1056 329119
Tx 0.3101 1 1 3 1056 
Rx 0.310429 1 1 3 1056 329119
Tx 0.3111 1 1 3 1056 
Rx 0.311429 1 1 3 1056 329119
Tx 0.3121 1 1 3 1056 
Rx 0.312429 1 1 3 1056 329119
Tx 0.3131 1 1 3 1056 
Rx 0.313429 1 1 3 1056 329119
Tx 0.3141 1 1 3 1056 
Tx 0.3151 1 1 3 1056 
Rx 0.315442 1 1 3 1056 341599
Tx 0.3161 1 1 3 1056 
Rx 0.316442 1 1 3 1056 341599
Tx 0.3171 1 1 3 1056 
Rx 0.317442 1 1 3 1056 341599
Tx 0.3181 1 1 3 1056 
Rx 0.318442 1 1 3 1056 341599
Tx 0.3191 1 1 3 1056 
Rx 0.319442 1 1 3 1056 341599
Tx 0.3201 1 1 3 1056 
Rx 0.320442 1 1 3 1056 341599
Tx 0.3211 1 1 3 1056 
Rx 0.321429 1 1 3 1056 329119
Tx 0.3221 1 1 3 1056 
Rx 0.322429 1 1 3 1056 329119
Tx 0.3231 1 1 3 1056 
Rx 0.323429 1 1 3 1056 329119
Tx 0.3241 1 1 3 1056 
Rx 0.324429 1 1 3 1056 329119
Tx 0.3251 1 1 3 1056 
Rx 0.325429 1 1 3 1056 329119
Tx 0.3261 1 1 3 1056 
Rx 0.326429 1 1 3 1056 329119
Tx 0.3271 1 1 3 1056 
Rx 0.327429 1 1 3 1056 329119
Tx 0.3281 1 1 3 1056 
Rx 0.328429 1 1 3 1056 329119
Tx 0.3291 1 1 3 1056 
Rx 0.329429 1 1 3 1056 329119
Tx 0.3301 1 1 3 1056 
Rx 0.330429 1 1 3 1056 329119
Tx 0.3311 1 1 3 1056 
Rx 0.331429 1 1 3 1056 329119
Tx 0.3321 1 1 3 1056 
Rx 0.332429 1 1 3 1056 329119
Tx 0.3331 1 1 3 1056 
Rx 0.333429 1 1 3 1056 329119
Tx 0.3341 1 1 3 1056 
Rx 0.334429 1 1 3 1056 329119
Tx 0.3351 1 1 3 1056 
Rx 0.335429 1 1 3 1056 329119
Tx 0.3361 1 1 3 1056 
Rx 0.336429 1 1 3 1056 329119
Tx 0.3371 1 1 3 1056 
Rx 0.337429 1 1 3 1056 329119
Tx 0.3381 1 1 3 1056 
Rx 0.338429 1 1 3 1056 329119
Tx 0.3391 1 1 3 1056 
Rx 0.339429 1 1 3 1056 329119
Tx 0.3401 1 1 3 1056 
Rx 0.340442 1 1 3 1056 341599
Tx 0.3411 1 1 3 1056 
Rx 0.341442 1 1 3 1056 341599
Tx 0.3421 1 1 3 1056 
Rx 0.342442 1 1 3 1056 341599
Tx 0.3431 1 1 3 1056 
Rx 0.343442 1 1 3 1056 341599
Tx 0.3441 1 1 3 1056 
Rx 0.344442 1 1 3 1056 341599
Tx 0.3451 1 1 3 1056 
Rx 0.345442 1 1 3 1056 341599
Tx 0.3461 1 1 3 1056 
Rx 0.346442 1 1 3 1056 341599
Tx 0.3471 1 1 3 1056 
Rx 0.347429 1 1 3 1056 329119
Tx 0.3481 1 1 3 1056 
Rx 0.348429 1 1 3 1056 329119
Tx 0.3491 1 1 3 1056 
Rx 0.349429 1 1 3 1056 329119
Tx 0.3501 1 1 3 1056 
Rx 0.350429 1 1 3 1056 329119
Tx 0.3511 1 1 3 1056 
Rx 0.351429 1 1 3 1056 329119
Tx 0.3521 1 1 3 1056 
Tx 0.3531 1 1 3 1056 
Rx 0.353442 1 1 3 1056 341599
Tx 0.3541 1 1 3 1056 
Rx 0.354442 1 1 3 1056 341599
Tx 0.3551 1 1 3 1056 
Rx 0.355442 1 1 3 1056 341599
Tx 0.3561 1 1 3 1056 
Rx 0.356442 1 1 3 1056 341599
Tx 0.3571 1 1 3 1056 
Rx 0.357442 1 1 3 1056 341599
Tx 0.3581 1 1 3 1056 
Rx 0.358442 1 1 3 1056 341599
Tx 0.3591 1 1 3 1056 
Rx 0.359442 1 1 3 1056 341599
Tx 0.3601 1 1 3 1056 
Rx 0.360429 1 1 3 1056 329119
Tx 0.3611 1 1 3 1056 
Rx 0.361429 1 1 3 1056 329119
Tx 0.3621 1 1 3 1056 
Rx 0.362429 1 1 3 1056 329119
Tx 0.3631 1 1 3 1056 
Tx 0.3641 1 1 3 1056 
Rx 0.364442 1 1 3 1056 341599
Tx 0.3651 1 1 3 1056 
Rx 0.365442 1 1 3 1056 341599
Tx 0.3661 1 1 3 1056 
Rx 0.366442 1 1 3 1056 341599
Tx 0.3671 1 1 3 1056 
Rx 0.367442 1 1 3 1056 341599
Tx 0.3681 1 1 3 1056 
Rx 0.368442 1 1 3 1056 341599
Tx 0.3691 1 1 3 1056 
Rx 0.369442 1 1 3 1056 341599
Tx 0.3701 1 1 3 1056 
Rx 0.370442 1 1 3 1056 341599
Tx 0.3711 1 1 3 1056 
Rx 0.371429 1 1 3 1056 329119
Tx 0.3721 1 1 3 1056 
Rx 0.372429 1 1 3 1056 329119
Tx 0.3731 1 1 3 1056 
Rx 0.373429 1 1 3 1056 329119
Tx 0.3741 1 1 3 1056 
Rx 0.374429 1 1 3 1056 329119
Tx 0.3751 1 1 3 1056 
Rx 0.375429 1 1 3 1056 329119
Tx 0.3761 1 1 3 1056 
Rx 0.376429 1 1 3 1056 329119
Tx 0.3771 1 1 3 1056 
Rx 0.377429 1 1 3 1056 329119
Tx 0.3781 1 1 3 1056 
Rx 0.378429 1 1 3 1056 329119
Tx 0.3791 1 1 3 1056 
Rx 0.379429 1 1 3 1056 329119
Tx 0.3801 1 1 3 1056 
Rx 0.380429 1 1 3 1056 329119
Tx 0.3811 1 1 3 1056 
Rx 0.381429 1 1 3 1056 329119
Tx 0.3821 1 1 3 1056 
Rx 0.382429 1 1 3 1056 329119
Tx 0.3831 1 1 3 1056 
Rx 0.383429 1 1 3 1056 329119
Tx 0.3841 1 1 3 1056 
Rx 0.384429 1 1 3 1056 329119
Tx 0.3851 1 1 3 1056 
Rx 0.385429 1 1 3 1056 329119
Tx 0.3861 1 1 3 1056 
Rx 0.386429 1 1 3 1056 329119
Tx 0.3871 1 1 3 1056 
Rx 0.387429 1 1 3 1056 329119
Tx 0.3881 1 1 3 1056 
Rx 0.388429 1 1 3 1056 329119
Tx 0.3891 1 1 3 1056 
Rx 0.389429 1 1 3 1056 329119
Tx 0.3901 1 1 3 1056 
Rx 0.390429 1 1 3 1056 329119
Tx 0.3911 1 1 3 1056 
Rx 0.391442 1 1 3 1056 341599
Tx 0.3921 1 1 3 1056 
Rx 0.392442 1 1 3 1056 341599
Tx 0.3931 1 1 3 1056 
Rx 0.393442 1 1 3 1056 341599
Tx 0.3941 1 1 3 1056 
Rx 0.394442 1 1 3 1056 341599
Tx 0.3951 1 1 3 1056 
Rx 0.395442 1 1 3 1056 341599
Tx 0.3961 1 1 3 1056 
Rx 0.396442 1 1 3 1056 341599
Tx 0.3971 1 1 3 1056 
Rx 0.397442 1 1 3 1056 341599
Tx 0.3981 1 1 3 1056 
Rx 0.398429 1 1 3 1056 329119
Tx 0.3991 1 1 3 1056 
Rx 0.399429 1 1 3 1056 329119
Tx 0.4001 1 1 3 1056 
Rx 0.400429 1 1 3 1056 329119
Tx 0.4011 1 1 3 1056 
Rx 0.401429 1 1 3 1056 329119
Tx 0.4021 1 1 3 1056 
Rx 0.402429 1 1 3 1056 329119
Tx 0.4031 1 1 3 1056 
Rx 0.403429 1 1 3 1056 329119
Tx 0.4041 1 1 3 1056 
Rx 0.404429 1 1 3 1056 329119
Tx 0.4051 1 1 3 1056 
Rx 0.405429 1 1 3 1056 329119
Tx 0.4061 1 1 3 1056 
Rx 0.406429 1 1 3 1056 329119
Tx 0.4071 1 1 3 1056 
Rx 0.407429 1 1 3 1056 329119
Tx 0.4081 1 1 3 1056 
Rx 0.408429 1 1 3 1056 329119
Tx 0.4091 1 1 3 1056 
Rx 0.409429 1 1 3 1056 329119
Tx 0.4101 1 1 3 1056 
Rx 0.410429 1 1 3 1056 329119
Tx 0.4111 1 1 3 1056 
Rx 0.411429 1 1 3 1056 329119
Tx 0.4121 1 1 3 1056 
Rx 0.412442 1 1 3 1056 341599
Tx 0.4131 1 1 3 1056 
Rx 0.413442 1 1 3 1056 341599
Tx 0.4141 1 1 3 1056 
Rx 0.414442 1 1 3 1056 341599
Tx 0.4151 1 1 3 1056 
Rx 0.415442 1 1 3 1056 341599
Tx 0.4161 1 1 3 1056 
Rx 0.416442 1 1 3 1056 341599
Tx 0.4171 1 1 3 1056 
Rx 0.417442 1 1 3 1056 341599
Tx 0.4181 1 1 3 1056 
Rx 0.418442 1 1 3 1056 341599
Tx 0.4191 1 1 3 1056 
Rx 0.419442 1 1 3 1056 341599
Tx 0.4201 1 1 3 1056 
Rx 0.420442 1 1 3 1056 341599
Tx 0.4211 1 1 3 1056 
Rx 0.421429 1 1 3 1056 329119
Tx 0.4221 1 1 3 1056 
Rx 0.422429 1 1 3 1056 329119
Tx 0.4231 1 1 3 1056 
Rx 0.423429 1 1 3 1056 329119
Tx 0.4241 1 1 3 1056 
Rx 0.424429 1 1 3 1056 329119
Tx 0.4251 1 1 3 1056 
Rx 0.425429 1 1 3 1056 329119
Tx 0.4261 1 1 3 1056 
Rx 0.426429 1 1 3 1056 329119
Tx 0.4271 1 1 3 1056 
Rx 0.427429 1 1 3 1056 329119
Tx 0.4281 1 1 3 1056 
Rx 0.428429 1 1 3 1056 329119
Tx 0.4291 1 1 3 1056 
Rx 0.429429 1 1 3 1056 329119
Tx 0.4301 1 1 3 1056 
Rx 0.430429 1 1 3 1056 329119
Tx 0.4311 1 1 3 1056 
Rx 0.431429 1 1 3 1056 329119
Tx 0.4321 1 1 3 1056 
Rx 0.432429 1 1 3 1056 329119
Tx 0.4331 1 1 3 1056 
Rx 0.433421 1 1 3 1056 320799
Tx 0.4341 1 1 3 1056 
Rx 0.434421 1 1 3 1056 320799
Tx 0.4351 1 1 3 1056 
Rx 0.435421 1 1 3 1056 320799
Tx 0.4361 1 1 3 1056 
Tx 0.4371 1 1 3 1056 
Rx 0.437429 1 1 3 1056 329119
Tx 0.4381 1 1 3 1056 
Rx 0.438429 1 1 3 1056 329119
Tx 0.4391 1 1 3 1056 
Rx 0.439429 1 1 3 1056 329119
Tx 0.4401 1 1 3 1056 
Tx 0.4411 1 1 3 1056 
Rx 0.441442 1 1 3 1056 341599
Tx 0.4421 1 1 3 1056 
Rx 0.442442 1 1 3 1056 341599
Tx 0.4431 1 1 3 1056 
Rx 0.443442 1 1 3 1056 341599
Tx 0.4441 1 1 3 1056 
Rx 0.444442 1 1 3 1056 341599
Tx 0.4451 1 1 3 1056 
Rx 0.445442 1 1 3 1056 341599
Tx 0.4461 1 1 3 1056 
Rx 0.446429 1 1 3 1056 329119
Tx 0.4471 1 1 3 1056 
Rx 0.447429 1 1 3 1056 329119
Tx 0.4481 1 1 3 1056 
Rx 0.448429 1 1 3 1056 329119
Tx 0.4491 1 1 3 1056 
Rx 0.449429 1 1 3 1056 329119
Tx 0.4501 1 1 3 1056 
Rx 0.450429 1 1 3 1056 329119
Tx 0.4511 1 1 3 1056 
Rx 0.451429 1 1 3 1056 329119
Tx 0.4521 1 1 3 1056 
Rx 0.452429 1 1 3 1056 329119
Tx 0.4531 1 1 3 1056 
Rx 0.453429 1 1 3 1056 329119
Tx 0.4541 1 1 3 1056 
Rx 0.454429 1 1 3 1056 329119
Tx 0.4551 1 1 3 1056 
Rx 0.455429 1 1 3 1056 329119
Tx 0.4561 1 1 3 1056 
Rx 0.456429 1 1 3 1056 329119
Tx 0.4571 1 1 3 1056 
Rx 0.457429 1 1 3 1056 329119
Tx 0.4581 1 1 3 1056 
Rx 0.458429 1 1 3 1056 329119
Tx 0.4591 1 1 3 1056 
Rx 0.459429 1 1 3 1056 329119
Tx 0.4601 1 1 3 1056 
Rx 0.460429 1 1 3 1056 329119
Tx 0.4611 1 1 3 1056 
Rx 0.461429 1 1 3 1056 329119
Tx 0.4621 1 1 3 1056 
Rx 0.462429 1 1 3 1056 329119
Tx 0.4631 1 1 3 1056 
Rx 0.463429 1 1 3 1056 329119
Tx 0.4641 1 1 3 1056 
Rx 0.464429 1 1 3 1056 329119
Tx 0.4651 1 1 3 1056 
Rx 0.465429 1 1 3 1056 329119
Tx 0.4661 1 1 3 1056 
Rx 0.466442 1 1 3 1056 341599
Tx 0.4671 1 1 3 1056 
Rx 0.467442 1 1 3 1056 341599
Tx 0.4681 1 1 3 1056 
Rx 0.468442 1 1 3 1056 341599
Tx 0.4691 1 1 3 1056 
Rx 0.469442 1 1 3 1056 341599
Tx 0.4701 1 1 3 1056 
Rx 0.470442 1 1 3 1056 341599
Tx 0.4711 1 1 3 1056 
Rx 0.471442 1 1 3 1056 341599
Tx 0.4721 1 1 3 1056 
Rx 0.472429 1 1 3 1056 329119
Tx 0.4731 1 1 3 1056 
Rx 0.473429 1 1 3 1056 329119
Tx 0.4741 1 1 3 1056 
Rx 0.474429 1 1 3 1056 329119
Tx 0.4751 1 1 3 1056 
Rx 0.475429 1 1 3 1056 329119
Tx 0.4761 1 1 3 1056 
Rx 0.476429 1 1 3 1056 329119
Tx 0.4771 1 1 3 1056 
Rx 0.477429 1 1 3 1056 329119
Tx 0.4781 1 1 3 1056 
Rx 0.478429 1 1 3 1056 329119
Tx 0.4791 1 1 3 1056 
Tx 0.4801 1 1 3 1056 
Rx 0.480442 1 1 3 1056 341599
Tx 0.4811 1 1 3 1056 
Rx 0.481442 1 1 3 1056 341599
Tx 0.4821 1 1 3 1056 
Rx 0.482442 1 1 3 1056 341599
Tx 0.4831 1 1 3 1056 
Rx 0.483429 1 1 3 1056 329119
Tx 0.4841 1 1 3 1056 
Rx 0.484429 1 1 3 1056 329119
Tx 0.4851 1 1 3 1056 
Rx 0.485429 1 1 3 1056 329119
Tx 0.4861 1 1 3 1056 
Rx 0.486429 1 1 3 1056 329119
Tx 0.4871 1 1 3 1056 
Rx 0.487429 1 1 3 1056 329119
Tx 0.4881 1 1 3 1056 
Rx 0.488429 1 1 3 1056 329119
Tx 0.4891 1 1 3 1056 
Tx 0.4901 1 1 3 1056 
Rx 0.490442 1 1 3 1056 341599
Tx 0.4911 1 1 3 1056 
Rx 0.491442 1 1 3 1056 341599
Tx 0.4921 1 1 3 1056 
Rx 0.492442 1 1 3 1056 341599
Tx 0.4931 1 1 3 1056 
Rx 0.493442 1 1 3 1056 341599
Tx 0.4941 1 1 3 1056 
Rx 0.494442 1 1 3 1056 341599
Tx 0.4951 1 1 3 1056 
Rx 0.495442 1 1 3 1056 341599
Tx 0.4961 1 1 3 1056 
Rx 0.496442 1 1 3 1056 341599
Tx 0.4971 1 1 3 1056 
Rx 0.497429 1 1 3 1056 329119
Tx 0.4981 1 1 3 1056 
Rx 0.498429 1 1 3 1056 329119
Tx 0.4991 1 1 3 1056 
Rx 0.499429 1 1 3 1056 329119
Tx 0.5001 1 1 3 1056 
Rx 0.500429 1 1 3 1056 329119
Tx 0.5011 1 1 3 1056 
Rx 0.501429 1 1 3 1056 329119
Tx 0.5021 1 1 3 1056 
Rx 0.502429 1 1 3 1056 329119
Tx 0.5031 1 1 3 1056 
Tx 0.5041 1 1 3 1056 
Rx 0.504442 1 1 3 1056 341599
Tx 0.5051 1 1 3 1056 
Rx 0.505442 1 1 3 1056 341599
Tx 0.5061 1 1 3 1056 
Rx 0.506442 1 1 3 1056 341599
Tx 0.5071 1 1 3 1056 
Rx 0.507429 1 1 3 1056 329119
Tx 0.5081 1 1 3 1056 
Rx 0.508429 1 1 3 1056 329119
Tx 0.5091 1 1 3 1056 
Rx 0.509429 1 1 3 1056 329119
Tx 0.5101 1 1 3 1056 
Rx 0.510429 1 1 3 1056 329119
Tx 0.5111 1 1 3 1056 
Rx 0.511421 1 1 3 1056 320799
Tx 0.5121 1 1 3 1056 
Rx 0.512421 1 1 3 1056 320799
Tx 0.5131 1 1 3 1056 
Rx 0.513421 1 1 3 1056 320799
Tx 0.5141 1 1 3 1056 
Rx 0.514421 1 1 3 1056 320799
Tx 0.5151 1 1 3 1056 
Rx 0.515421 1 1 3 1056 320799
Tx 0.5161 1 1 3 1056 
Rx 0.516421 1 1 3 1056 320799
Tx 0.5171 1 1 3 1056 
Rx 0.517421 1 1 3 1056 320799
Tx 0.5181 1 1 3 1056 
Rx 0.518429 1 1 3 1056 329119
Tx 0.5191 1 1 3 1056 
Rx 0.519429 1 1 3 1056 329119
Tx 0.5201 1 1 3 1056 
Rx 0.520429 1 1 3 1056 329119
Tx 0.5211 1 1 3 1056 
Rx 0.521429 1 1 3 1056 329119
Tx 0.5221 1 1 3 1056 
Rx 0.522429 1 1 3 1056 329119
Tx 0.5231 1 1 3 1056 
Rx 0.523429 1 1 3 1056 329119
Tx 0.5241 1 1 3 1056 
Rx 0.524429 1 1 3 1056 329119
Tx 0.5251 1 1 3 1056 
Rx 0.525429 1 1 3 1056 329119
Tx 0.5261 1 1 3 1056 
Rx 0.526429 1 1 3 1056 329119
Tx 0.5271 1 1 3 1056 
Rx 0.527429 1 1 3 1056 329119
Tx 0.5281 1 1 3 1056 
Rx 0.528429 1 1 3 1056 329119
Tx 0.5291 1 1 3 1056 
Rx 0.529429 1 1 3 1056 329119
Tx 0.5301 1 1 3 1056 
Rx 0.530429 1 1 3 1056 329119
Tx 0.5311 1 1 3 1056 
Rx 0.531429 1 1 3 1056 329119
Tx 0.5321 1 1 3 1056 
Rx 0.532429 1 1 3 1056 329119
Tx 0.5331 1 1 3 1056 
Rx 0.533429 1 1 3 1056 329119
Tx 0.5341 1 1 3 1056 
Tx 0.5351 1 1 3 1056 
Rx 0.535442 1 1 3 1056 341599
Tx 0.5361 1 1 3 1056 
Rx 0.536442 1 1 3 1056 341599
Tx 0.5371 1 1 3 1056 
Rx 0.537442 1 1 3 1056 341599
Tx 0.5381 1 1 3 1056 
Rx 0.538442 1 1 3 1056 341599
Tx 0.5391 1 1 3 1056 
Rx 0.539442 1 1 3 1056 341599
Tx 0.5401 1 1 3 1056 
Rx 0.540442 1 1 3 1056 341599
Tx 0.5411 1 1 3 1056 
Rx 0.541442 1 1 3 1056 341599
Tx 0.5421 1 1 3 1056 
Rx 0.542442 1 1 3 1056 341599
Tx 0.5431 1 1 3 1056 
Rx 0.543429 1 1 3 1056 329119
Tx 0.5441 1 1 3 1056 
Rx 0.544429 1 1 3 1056 329119
Tx 0.5451 1 1 3 1056 
Rx 0.545429 1 1 3 1056 329119
Tx 0.5461 1 1 3 1056 
Rx 0.546429 1 1 3 1056 329119
Tx 0.5471 1 1 3 1056 
Rx 0.547429 1 1 3 1056 329119
Tx 0.5481 1 1 3 1056 
Rx 0.548429 1 1 3 1056 329119
Tx 0.5491 1 1 3 1056 
Rx 0.549429 1 1 3 1056 329119
Tx 0.5501 1 1 3 1056 
Rx 0.550429 1 1 3 1056 329119
Tx 0.5511 1 1 3 1056 
Rx 0.551429 1 1 3 1056 329119
Tx 0.5521 1 1 3 1056 
Tx 0.5531 1 1 3 1056 
Rx 0.553442 1 1 3 1056 341599
Tx 0.5541 1 1 3 1056 
Rx 0.554442 1 1 3 1056 341599
Tx 0.5551 1 1 3 1056 
Rx 0.555442 1 1 3 1056 341599
Tx 0.5561 1 1 3 1056 
Rx 0.556442 1 1 3 1056 341599
Tx 0.5571 1 1 3 1056 
Rx 0.557429 1 1 3 1056 329119
Tx 0.5581 1 1 3 1056 
Rx 0.558429 1 1 3 1056 329119
Tx 0.5591 1 1 3 1056 
Rx 0.559429 1 1 3 1056 329119
Tx 0.5601 1 1 3 1056 
Rx 0.560429 1 1 3 1056 329119
Tx 0.5611 1 1 3 1056 
Rx 0.561429 1 1 3 1056 329119
Tx 0.5621 1 1 3 1056 
Rx 0.562429 1 1 3 1056 329119
Tx 0.5631 1 1 3 1056 
Rx 0.563429 1 1 3 1056 329119
Tx 0.5641 1 1 3 1056 
Rx 0.564429 1 1 3 1056 329119
Tx 0.5651 1 1 3 1056 
Rx 0.565429 1 1 3 1056 329119
Tx 0.5661 1 1 3 1056 
Rx 0.566429 1 1 3 1056 329119
Tx 0.5671 1 1 3 1056 
Rx 0.567442 1 1 3 1056 341599
Tx 0.5681 1 1 3 1056 
Rx 0.568442 1 1 3 1056 341599
Tx 0.5691 1 1 3 1056 
Rx 0.569442 1 1 3 1056 341599
Tx 0.5701 1 1 3 1056 
Rx 0.570442 1 1 3 1056 341599
Tx 0.5711 1 1 3 1056 
Rx 0.571442 1 1 3 1056 341599
Tx 0.5721 1 1 3 1056 
Rx 0.572442 1 1 3 1056 341599
Tx 0.5731 1 1 3 1056 
Rx 0.573442 1 1 3 1056 341599
Tx 0.5741 1 1 3 1056 
Rx 0.574429 1 1 3 1056 329119
Tx 0.5751 1 1 3 1056 
Rx 0.575429 1 1 3 1056 329119
Tx 0.5761 1 1 3 1056 
Rx 0.576429 1 1 3 1056 329119
Tx 0.5771 1 1 3 1056 
Rx 0.577429 1 1 3 1056 329119
Tx 0.5781 1 1 3 1056 
Rx 0.578429 1 1 3 1056 329119
Tx 0.5791 1 1 3 1056 
Rx 0.579429 1 1 3 1056 329119
Tx 0.5801 1 1 3 1056 
Rx 0.580429 1 1 3 1056 329119
Tx 0.5811 1 1 3 1056 
Rx 0.581429 1 1 3 1056 329119
Tx 0.5821 1 1 3 1056 
Rx 0.582429 1 1 3 1056 329119
Tx 0.5831 1 1 3 1056 
Rx 0.583429 1 1 3 1056 329119
Tx 0.5841 1 1 3 1056 
Rx 0.584429 1 1 3 1056 329119
Tx 0.5851 1 1 3 1056 
Rx 0.585442 1 1 3 1056 341599
Tx 0.5861 1 1 3 1056 
Rx 0.586442 1 1 3 1056 341599
Tx 0.5871 1 1 3 1056 
Rx 0.587442 1 1 3 1056 341599
Tx 0.5881 1 1 3 1056 
Rx 0.588442 1 1 3 1056 341599
Tx 0.5891 1 1 3 1056 
Rx 0.589442 1 1 3 1056 341599
Tx 0.5901 1 1 3 1056 
Rx 0.590442 1 1 3 1056 341599
Tx 0.5911 1 1 3 1056 
Rx 0.591442 1 1 3 1056 341599
Tx 0.5921 1 1 3 1056 
Rx 0.592429 1 1 3 1056 329119
Tx 0.5931 1 1 3 1056 
Rx 0.593429 1 1 3 1056 329119
Tx 0.5941 1 1 3 1056 
Rx 0.594429 1 1 3 1056 329119
Tx 0.5951 1 1 3 1056 
Rx 0.595429 1 1 3 1056 329119
Tx 0.5961 1 1 3 1056 
Rx 0.596429 1 1 3 1056 329119
Tx 0.5971 1 1 3 1056 
Tx 0.5981 1 1 3 1056 
Rx 0.598429 1 1 3 1056 329119
Tx 0.5991 1 1 3 1056 
Rx 0.599429 1 1 3 1056 329119
Tx 0.6001 1 1 3 1056 
Tx 0.6104 1 1 3 1070 
Tx 0.6207 1 1 3 1128 
Tx 0.6208 1 1 3 1128 
Tx 0.6209 1 1 3 1128 
Tx 0.6312 1 1 3 1128 
Tx 0.6313 1 1 3 1128 
Tx 0.6314 1 1 3 1128 
Tx 0.6417 1 1 3 1128 
Tx 0.6418 1 1 3 1128 
Tx 0.6419 1 1 3 1128 
Tx 0.6522 1 1 3 1128 
Tx 0.6523 1 1 3 1128 
Tx 0.6524 1 1 3 1128 
Tx 0.6627 1 1 3 1128 
Tx 0.6628 1 1 3 1128 
Tx 0.6629 1 1 3 1128 
Tx 0.6732 1 1 3 1128 
Tx 0.6733 1 1 3 1128 
Tx 0.6734 1 1 3 1128 
Tx 0.6837 1 1 3 1128 
Tx 0.6838 1 1 3 1128 
Tx 0.6839 1 1 3 1128 
Tx 0.6942 1 1 3 1128 
Tx 0.6943 1 1 3 1128 
Tx 0.6944 1 1 3 1128 
Tx 0.7047 1 1 3 1128 
Tx 0.7048 1 1 3 1128 
Tx 0.7049 1 1 3 1128 
Tx 0.705 1 1 3 4252 
Rx 0.705096 1 1 3 1128 395679
Tx 0.7051 1 1 3 3348 
Rx 0.705196 1 1 3 1128 395679
Rx 0.705296 1 1 3 1128 395679
Rx 0.705396 1 1 3 4252 395679
Rx 0.705479 1 1 3 3348 379039
Tx 0.7061 1 1 3 1056 
Rx 0.706429 1 1 3 1056 329119
Tx 0.7071 1 1 3 1056 
Rx 0.707429 1 1 3 1056 329119
Tx 0.7081 1 1 3 1056 
Rx 0.708429 1 1 3 1056 329119
Tx 0.7091 1 1 3 1056 
Rx 0.709429 1 1 3 1056 329119
Tx 0.7101 1 1 3 1056 
Rx 0.710429 1 1 3 1056 329119
Tx 0.7111 1 1 3 1056 
Rx 0.711429 1 1 3 1056 329119
Tx 0.7121 1 1 3 1056 
Rx 0.712429 1 1 3 1056 329119
Tx 0.7131 1 1 3 1056 
Rx 0.713429 1 1 3 1056 329119
Tx 0.7141 1 1 3 1056 
Rx 0.714429 1 1 3 1056 329119
Tx 0.7151 1 1 3 1056 
Rx 0.715429 1 1 3 1056 329119
Tx 0.7161 1 1 3 1056 
Rx 0.716429 1 1 3 1056 329119
Tx 0.7171 1 1 3 1056 
Tx 0.7181 1 1 3 1056 
Rx 0.718442 1 1 3 1056 341599
Tx 0.7191 1 1 3 1056 
Rx 0.719442 1 1 3 1056 341599
Tx 0.7201 1 1 3 1056 
Rx 0.720442 1 1 3 1056 341599
Tx 0.7211 1 1 3 1056 
Rx 0.721442 1 1 3 1056 341599
Tx 0.7221 1 1 3 1056 
Rx 0.722471 1 1 3 1056 370719
Tx 0.7231 1 1 3 1056 
Rx 0.723471 1 1 3 1056 370719
Tx 0.7241 1 1 3 1056 
Rx 0.724471 1 1 3 1056 370719
Tx 0.7251 1 1 3 1056 
Rx 0.725471 1 1 3 1056 370719
Tx 0.7261 1 1 3 1056 
Rx 0.726471 1 1 3 1056 370719
Tx 0.7271 1 1 3 1056 
Rx 0.727471 1 1 3 1056 370719
Tx 0.7281 1 1 3 1056 
Rx 0.728471 1 1 3 1056 370719
Tx 0.7291 1 1 3 1056 
Rx 0.729471 1 1 3 1056 370719
Tx 0.7301 1 1 3 1056 
Rx 0.730471 1 1 3 1056 370719
Tx 0.7311 1 1 3 1056 
Rx 0.731471 1 1 3 1056 370719
Tx 0.7321 1 1 3 1056 
Rx 0.732471 1 1 3 1056 370719
Tx 0.7331 1 1 3 1056 
Rx 0.733442 1 1 3 1056 341599
Tx 0.7341 1 1 3 1056 
Rx 0.734442 1 1 3 1056 341599
Tx 0.7351 1 1 3 1056 
Rx 0.735442 1 1 3 1056 341599
Tx 0.7361 1 1 3 1056 
Rx 0.736442 1 1 3 1056 341599
Tx 0.7371 1 1 3 1056 
Rx 0.737442 1 1 3 1056 341599
Tx 0.7381 1 1 3 1056 
Rx 0.738429 1 1 3 1056 329119
Tx 0.7391 1 1 3 1056 
Rx 0.739429 1 1 3 1056 329119
Tx 0.7401 1 1 3 1056 
Rx 0.740429 1 1 3 1056 329119
Tx 0.7411 1 1 3 1056 
Rx 0.741429 1 1 3 1056 329119
Tx 0.7421 1 1 3 1056 
Rx 0.742429 1 1 3 1056 329119
Tx 0.7431 1 1 3 1056 
Rx 0.743429 1 1 3 1056 329119
Tx 0.7441 1 1 3 1056 
Rx 0.744429 1 1 3 1056 329119
Tx 0.7451 1 1 3 1056 
Rx 0.745429 1 1 3 1056 329119
Tx 0.7461 1 1 3 1056 
Rx 0.746429 1 1 3 1056 329119
Tx 0.7471 1 1 3 1056 
Rx 0.747429 1 1 3 1056 329119
Tx 0.7481 1 1 3 1056 
Rx 0.748429 1 1 3 1056 329119
Tx 0.7491 1 1 3 1056 
Tx 0.7501 1 1 3 1056 
Rx 0.750442 1 1 3 1056 341599
Tx 0.7511 1 1 3 1056 
Rx 0.751442 1 1 3 1056 341599
Tx 0.7521 1 1 3 1056 
Rx 0.752442 1 1 3 1056 341599
Tx 0.7531 1 1 3 1056 
Rx 0.753442 1 1 3 1056 341599
Tx 0.7541 1 1 3 1056 
Tx 0.7551 1 1 3 1056 
Rx 0.755471 1 1 3 1056 370719
Tx 0.7561 1 1 3 1056 
Rx 0.756471 1 1 3 1056 370719
Tx 0.7571 1 1 3 1056 
Rx 0.757471 1 1 3 1056 370719
Tx 0.7581 1 1 3 1056 
Rx 0.758471 1 1 3 1056 370719
Tx 0.7591 1 1 3 1056 
Rx 0.759471 1 1 3 1056 370719
Tx 0.7601 1 1 3 1056 
Rx 0.760471 1 1 3 1056 370719
Tx 0.7611 1 1 3 1056 
Rx 0.761471 1 1 3 1056 370719
Tx 0.7621 1 1 3 1056 
Rx 0.762471 1 1 3 1056 370719
Tx 0.7631 1 1 3 1056 
Rx 0.763471 1 1 3 1056 370719
Tx 0.7641 1 1 3 1056 
Rx 0.764471 1 1 3 1056 370719
Tx 0.7651 1 1 3 1056 
Rx 0.765442 1 1 3 1056 341599
Tx 0.7661 1 1 3 1056 
Rx 0.766442 1 1 3 1056 341599
Tx 0.7671 1 1 3 1056 
Rx 0.767442 1 1 3 1056 341599
Tx 0.7681 1 1 3 1056 
Rx 0.768442 1 1 3 1056 341599
Tx 0.7691 1 1 3 1056 
Rx 0.769442 1 1 3 1056 341599
Tx 0.7701 1 1 3 1056 
Rx 0.770429 1 1 3 1056 329119
Tx 0.7711 1 1 3 1056 
Rx 0.771429 1 1 3 1056 329119
Tx 0.7721 1 1 3 1056 
Rx 0.772429 1 1 3 1056 329119
Tx 0.7731 1 1 3 1056 
Rx 0.773429 1 1 3 1056 329119
Tx 0.7741 1 1 3 1056 
Rx 0.774429 1 1 3 1056 329119
Tx 0.7751 1 1 3 1056 
Rx 0.775429 1 1 3 1056 329119
Tx 0.7761 1 1 3 1056 
Rx 0.776429 1 1 3 1056 329119
Tx 0.7771 1 1 3 1056 
Rx 0.777429 1 1 3 1056 329119
Tx 0.7781 1 1 3 1056 
Rx 0.778429 1 1 3 1056 329119
Tx 0.7791 1 1 3 1056 
Rx 0.779429 1 1 3 1056 329119
Tx 0.7801 1 1 3 1056 
Rx 0.780429 1 1 3 1056 329119
Tx 0.7811 1 1 3 1056 
Rx 0.781429 1 1 3 1056 329119
Tx 0.7821 1 1 3 1056 
Tx 0.7831 1 1 3 1056 
Rx 0.783442 1 1 3 1056 341599
Tx 0.7841 1 1 3 1056 
Rx 0.784442 1 1 3 1056 341599
Tx 0.7851 1 1 3 1056 
Rx 0.785442 1 1 3 1056 341599
Tx 0.7861 1 1 3 1056 
Tx 0.7871 1 1 3 1056 
Rx 0.787471 1 1 3 1056 370719
Tx 0.7881 1 1 3 1056 
Rx 0.788471 1 1 3 1056 370719
Tx 0.7891 1 1 3 1056 
Rx 0.789471 1 1 3 1056 370719
Tx 0.7901 1 1 3 1056 
Rx 0.790471 1 1 3 1056 370719
Tx 0.7911 1 1 3 1056 
Rx 0.791471 1 1 3 1056 370719
Tx 0.7921 1 1 3 1056 
Rx 0.792471 1 1 3 1056 370719
Tx 0.7931 1 1 3 1056 
Rx 0.793471 1 1 3 1056 370719
Tx 0.7941 1 1 3 1056 
Rx 0.794471 1 1 3 1056 370719
Tx 0.7951 1 1 3 1056 
Rx 0.795471 1 1 3 1056 370719
Tx 0.7961 1 1 3 1056 
Rx 0.796471 1 1 3 1056 370719
Tx 0.7971 1 1 3 1056 
Rx 0.797471 1 1 3 1056 370719
Tx 0.7981 1 1 3 1056 
Rx 0.798442 1 1 3 1056 341599
Tx 0.7991 1 1 3 1056 
Rx 0.799442 1 1 3 1056 341599
Tx 0.8001 1 1 3 1056 
Rx 0.800442 1 1 3 1056 341599
Tx 0.8011 1 1 3 1056 
Rx 0.801429 1 1 3 1056 329119
Tx 0.8021 1 1 3 1056 
Rx 0.802429 1 1 3 1056 329119
Tx 0.8031 1 1 3 1056 
Rx 0.803429 1 1 3 1056 329119
Tx 0.8041 1 1 3 1056 
Rx 0.804429 1 1 3 1056 329119
Tx 0.8051 1 1 3 1056 
Rx 0.805429 1 1 3 1056 329119
Tx 0.8061 1 1 3 1056 
Rx 0.806429 1 1 3 1056 329119
Tx 0.8071 1 1 3 1056 
Rx 0.807429 1 1 3 1056 329119
Tx 0.8081 1 1 3 1056 
Rx 0.808429 1 1 3 1056 329119
Tx 0.8091 1 1 3 1056 
Rx 0.809442 1 1 3 1056 341599
Tx 0.8101 1 1 3 1056 
Rx 0.810442 1 1 3 1056 341599
Tx 0.8111 1 1 3 1056 
Rx 0.811442 1 1 3 1056 341599
Tx 0.8121 1 1 3 1056 
Tx 0.8131 1 1 3 1056 
Rx 0.813471 1 1 3 1056 370719
Tx 0.8141 1 1 3 1056 
Rx 0.814471 1 1 3 1056 370719
Tx 0.8151 1 1 3 1056 
Rx 0.815471 1 1 3 1056 370719
Tx 0.8161 1 1 3 1056 
Rx 0.816471 1 1 3 1056 370719
Tx 0.8171 1 1 3 1056 
Rx 0.817471 1 1 3 1056 370719
Tx 0.8181 1 1 3 1056 
Rx 0.818442 1 1 3 1056 341599
Tx 0.8191 1 1 3 1056 
Rx 0.819442 1 1 3 1056 341599
Tx 0.8201 1 1 3 1056 
Rx 0.820442 1 1 3 1056 341599
Tx 0.8211 1 1 3 1056 
Rx 0.821442 1 1 3 1056 341599
Tx 0.8221 1 1 3 1056 
Rx 0.822442 1 1 3 1056 341599
Tx 0.8231 1 1 3 1056 
Rx 0.823442 1 1 3 1056 341599
Tx 0.8241 1 1 3 1056 
Rx 0.824442 1 1 3 1056 341599
Tx 0.8251 1 1 3 1056 
Rx 0.825442 1 1 3 1056 341599
Tx 0.8261 1 1 3 1056 
Rx 0.826442 1 1 3 1056 341599
Tx 0.8271 1 1 3 1056 
Rx 0.827442 1 1 3 1056 341599
Tx 0.8281 1 1 3 1056 
Rx 0.828442 1 1 3 1056 341599
Tx 0.8291 1 1 3 1056 
Rx 0.829442 1 1 3 1056 341599
Tx 0.8301 1 1 3 1056 
Rx 0.830442 1 1 3 1056 341599
Tx 0.8311 1 1 3 1056 
Rx 0.831442 1 1 3 1056 341599
Tx 0.8321 1 1 3 1056 
Rx 0.832442 1 1 3 1056 341599
Tx 0.8331 1 1 3 1056 
Rx 0.833442 1 1 3 1056 341599
Tx 0.8341 1 1 3 1056 
Rx 0.834442 1 1 3 1056 341599
Tx 0.8351 1 1 3 1056 
Rx 0.835442 1 1 3 1056 341599
Tx 0.8361 1 1 3 1056 
Rx 0.836442 1 1 3 1056 341599
Tx 0.8371 1 1 3 1056 
Rx 0.837442 1 1 3 1056 341599
Tx 0.8381 1 1 3 1056 
Rx 0.838442 1 1 3 1056 341599
Tx 0.8391 1 1 3 1056 
Rx 0.839442 1 1 3 1056 341599
Tx 0.8401 1 1 3 1056 
Rx 0.840442 1 1 3 1056 341599
Tx 0.8411 1 1 3 1056 
Rx 0.841442 1 1 3 1056 341599
Tx 0.8421 1 1 3 1056 
Rx 0.842442 1 1 3 1056 341599
Tx 0.8431 1 1 3 1056 
Rx 0.843442 1 1 3 1056 341599
Tx 0.8441 1 1 3 1056 
Tx 0.8451 1 1 3 1056 
Rx 0.845471 1 1 3 1056 370719
Tx 0.8461 1 1 3 1056 
Rx 0.846471 1 1 3 1056 370719
Tx 0.8471 1 1 3 1056 
Rx 0.847471 1 1 3 1056 370719
Tx 0.8481 1 1 3 1056 
Rx 0.848471 1 1 3 1056 370719
Tx 0.8491 1 1 3 1056 
Rx 0.849471 1 1 3 1056 370719
Tx 0.8501 1 1 3 1056 
Rx 0.850442 1 1 3 1056 341599
Tx 0.8511 1 1 3 1056 
Rx 0.851442 1 1 3 1056 341599
Tx 0.8521 1 1 3 1056 
Rx 0.852442 1 1 3 1056 341599
Tx 0.8531 1 1 3 1056 
Rx 0.853442 1 1 3 1056 341599
Tx 0.8541 1 1 3 1056 
Rx 0.854442 1 1 3 1056 341599
Tx 0.8551 1 1 3 1056 
Rx 0.855442 1 1 3 1056 341599
Tx 0.8561 1 1 3 1056 
Rx 0.856442 1 1 3 1056 341599
Tx 0.8571 1 1 3 1056 
Rx 0.857442 1 1 3 1056 341599
Tx 0.8581 1 1 3 1056 
Rx 0.858442 1 1 3 1056 341599
Tx 0.8591 1 1 3 1056 
Rx 0.859442 1 1 3 1056 341599
Tx 0.8601 1 1 3 1056 
Rx 0.860442 1 1 3 1056 341599
Tx 0.8611 1 1 3 1056 
Rx 0.861442 1 1 3 1056 341599
Tx 0.8621 1 1 3 1056 
Rx 0.862442 1 1 3 1056 341599
Tx 0.8631 1 1 3 1056 
Rx 0.863442 1 1 3 1056 341599
Tx 0.8641 1 1 3 1056 
Rx 0.864442 1 1 3 1056 341599
Tx 0.8651 1 1 3 1056 
Rx 0.865442 1 1 3 1056 341599
Tx 0.8661 1 1 3 1056 
Rx 0.866442 1 1 3 1056 341599
Tx 0.8671 1 1 3 1056 
Rx 0.867442 1 1 3 1056 341599
Tx 0.8681 1 1 3 1056 
Rx 0.868442 1 1 3 1056 341599
Tx 0.8691 1 1 3 1056 
Rx 0.869442 1 1 3 1056 341599
Tx 0.8701 1 1 3 1056 
Rx 0.870442 1 1 3 1056 341599
Tx 0.8711 1 1 3 1056 
Rx 0.871442 1 1 3 1056 341599
Tx 0.8721 1 1 3 1056 
Rx 0.872442 1 1 3 1056 341599
Tx 0.8731 1 1 3 1056 
Rx 0.873442 1 1 3 1056 341599
Tx 0.8741 1 1 3 1056 
Tx 0.8751 1 1 3 1056 
Rx 0.875471 1 1 3 1056 370719
Tx 0.8761 1 1 3 1056 
Rx 0.876471 1 1 3 1056 370719
Tx 0.8771 1 1 3 1056 
Rx 0.877471 1 1 3 1056 370719
Tx 0.8781 1 1 3 1056 
Rx 0.878471 1 1 3 1056 370719
Tx 0.8791 1 1 3 1056 
Rx 0.879471 1 1 3 1056 370719
Tx 0.8801 1 1 3 1056 
Rx 0.880471 1 1 3 1056 370719
Tx 0.8811 1 1 3 1056 
Rx 0.881471 1 1 3 1056 370719
Tx 0.8821 1 1 3 1056 
Rx 0.882442 1 1 3 1056 341599
Tx 0.8831 1 1 3 1056 
Rx 0.883442 1 1 3 1056 341599
Tx 0.8841 1 1 3 1056 
Rx 0.884442 1 1 3 1056 341599
Tx 0.8851 1 1 3 1056 
Rx 0.885429 1 1 3 1056 329119
Tx 0.8861 1 1 3 1056 
Rx 0.886429 1 1 3 1056 329119
Tx 0.8871 1 1 3 1056 
Rx 0.887429 1 1 3 1056 329119
Tx 0.8881 1 1 3 1056 
Rx 0.888429 1 1 3 1056 329119
Tx 0.8891 1 1 3 1056 
Rx 0.889429 1 1 3 1056 329119
Tx 0.8901 1 1 3 1056 
Rx 0.890429 1 1 3 1056 329119
Tx 0.8911 1 1 3 1056 
Rx 0.891429 1 1 3 1056 329119
Tx 0.8921 1 1 3 1056 
Rx 0.892442 1 1 3 1056 341599
Tx 0.8931 1 1 3 1056 
Rx 0.893442 1 1 3 1056 341599
Tx 0.8941 1 1 3 1056 
Rx 0.894442 1 1 3 1056 341599
Tx 0.8951 1 1 3 1056 
Rx 0.895442 1 1 3 1056 341599
Tx 0.8961 1 1 3 1056 
Rx 0.896442 1 1 3 1056 341599
Tx 0.8971 1 1 3 1056 
Rx 0.897429 1 1 3 1056 329119
Tx 0.8981 1 1 3 1056 
Rx 0.898429 1 1 3 1056 329119
Tx 0.8991 1 1 3 1056 
Rx 0.899429 1 1 3 1056 329119
Tx 0.9001 1 1 3 1056 
Tx 0.9011 1 1 3 1056 
Rx 0.901442 1 1 3 1056 341599
Tx 0.9021 1 1 3 1056 
Rx 0.902442 1 1 3 1056 341599
Tx 0.9031 1 1 3 1056 
Rx 0.903442 1 1 3 1056 341599
Tx 0.9041 1 1 3 1056 
Rx 0.904429 1 1 3 1056 329119
Tx 0.9051 1 1 3 1056 
Rx 0.905429 1 1 3 1056 329119
Tx 0.9061 1 1 3 1056 
Rx 0.906429 1 1 3 1056 329119
Tx 0.9071 1 1 3 1056 
Rx 0.907429 1 1 3 1056 329119
Tx 0.9081 1 1 3 1056 
Rx 0.908429 1 1 3 1056 329119
Tx 0.9091 1 1 3 1056 
Rx 0.909429 1 1 3 1056 329119
Tx 0.9101 1 1 3 1056 
Tx 0.9111 1 1 3 1056 
Rx 0.911442 1 1 3 1056 341599
Tx 0.9121 1 1 3 1056 
Rx 0.912442 1 1 3 1056 341599
Tx 0.9131 1 1 3 1056 
Rx 0.913442 1 1 3 1056 341599
Tx 0.9141 1 1 3 1056 
Rx 0.914442 1 1 3 1056 341599
Tx 0.9151 1 1 3 1056 
Rx 0.915442 1 1 3 1056 341599
Tx 0.9161 1 1 3 1056 
Rx 0.916442 1 1 3 1056 341599
Tx 0.9171 1 1 3 1056 
Rx 0.917442 1 1 3 1056 341599
Tx 0.9181 1 1 3 1056 
Rx 0.918442 1 1 3 1056 341599
Tx 0.9191 1 1 3 1056 
Rx 0.919442 1 1 3 1056 341599
Tx 0.9201 1 1 3 1056 
Rx 0.920429 1 1 3 1056 329119
Tx 0.9211 1 1 3 1056 
Rx 0.921429 1 1 3 1056 329119
Tx 0.9221 1 1 3 1056 
Rx 0.922429 1 1 3 1056 329119
Tx 0.9231 1 1 3 1056 
Rx 0.923429 1 1 3 1056 329119
Tx 0.9241 1 1 3 1056 
Rx 0.924429 1 1 3 1056 329119
Tx 0.9251 1 1 3 1056 
Rx 0.925442 1 1 3 1056 341599
Tx 0.9261 1 1 3 1056 
Rx 0.926442 1 1 3 1056 341599
Tx 0.9271 1 1 3 1056 
Rx 0.927442 1 1 3 1056 341599
Tx 0.9281 1 1 3 1056 
Rx 0.928442 1 1 3 1056 341599
Tx 0.9291 1 1 3 1056 
Rx 0.929442 1 1 3 1056 341599
Tx 0.9301 1 1 3 1056 
Rx 0.930442 1 1 3 1056 341599
Tx 0.9311 1 1 3 1056 
Rx 0.931442 1 1 3 1056 341599
Tx 0.9321 1 1 3 1056 
Rx 0.932442 1 1 3 1056 341599
Tx 0.9331 1 1 3 1056 
Rx 0.933442 1 1 3 1056 341599
Tx 0.9341 1 1 3 1056 
Rx 0.934442 1 1 3 1056 341599
Tx 0.9351 1 1 3 1056 
Rx 0.935442 1 1 3 1056 341599
Tx 0.9361 1 1 3 1056 
Rx 0.936442 1 1 3 1056 341599
Tx 0.9371 1 1 3 1056 
Rx 0.937442 1 1 3 1056 341599
Tx 0.9381 1 1 3 1056 
Rx 0.938442 1 1 3 1056 341599
Tx 0.9391 1 1 3 1056 
Rx 0.939429 1 1 3 1056 329119
Tx 0.9401 1 1 3 1056 
Rx 0.940429 1 1 3 1056 329119
Tx 0.9411 1 1 3 1056 
Rx 0.941429 1 1 3 1056 329119
Tx 0.9421 1 1 3 1056 
Rx 0.942442 1 1 3 1056 341599
Tx 0.9431 1 1 3 1056 
Rx 0.943442 1 1 3 1056 341599
Tx 0.9441 1 1 3 1056 
Rx 0.944442 1 1 3 1056 341599
Tx 0.9451 1 1 3 1056 
Rx 0.945442 1 1 3 1056 341599
Tx 0.9461 1 1 3 1056 
Rx 0.946442 1 1 3 1056 341599
Tx 0.9471 1 1 3 1056 
Rx 0.947442 1 1 3 1056 341599
Tx 0.9481 1 1 3 1056 
Rx 0.948442 1 1 3 1056 341599
Tx 0.9491 1 1 3 1056 
Rx 0.949442 1 1 3 1056 341599
Tx 0.9501 1 1 3 1056 
Rx 0.950442 1 1 3 1056 341599
Tx 0.9511 1 1 3 1056 
Rx 0.951442 1 1 3 1056 341599
Tx 0.9521 1 1 3 1056 
Rx 0.952442 1 1 3 1056 341599
Tx 0.9531 1 1 3 1056 
Rx 0.953442 1 1 3 1056 341599
Tx 0.9541 1 1 3 1056 
Rx 0.954429 1 1 3 1056 329119
Tx 0.9551 1 1 3 1056 
Rx 0.955429 1 1 3 1056 329119
Tx 0.9561 1 1 3 1056 
Rx 0.956429 1 1 3 1056 329119
Tx 0.9571 1 1 3 1056 
Rx 0.957429 1 1 3 1056 329119
Tx 0.9581 1 1 3 1056 
Rx 0.958429 1 1 3 1056 329119
Tx 0.9591 1 1 3 1056 
Rx 0.959442 1 1 3 1056 341599
Tx 0.9601 1 1 3 1056 
Rx 0.960442 1 1 3 1056 341599
Tx 0.9611 1 1 3 1056 
Rx 0.961442 1 1 3 1056 341599
Tx 0.9621 1 1 3 1056 
Rx 0.962442 1 1 3 1056 341599
Tx 0.9631 1 1 3 1056 
Rx 0.963442 1 1 3 1056 341599
Tx 0.9641 1 1 3 1056 
Rx 0.964442 1 1 3 1056 341599
Tx 0.9651 1 1 3 1056 
Rx 0.965442 1 1 3 1056 341599
Tx 0.9661 1 1 3 1056 
Rx 0.966442 1 1 3 1056 341599
Tx 0.9671 1 1 3 1056 
Rx 0.967442 1 1 3 1056 341599
Tx 0.9681 1 1 3 1056 
Rx 0.968442 1 1 3 1056 341599
Tx 0.9691 1 1 3 1056 
Rx 0.969442 1 1 3 1056 341599
Tx 0.9701 1 1 3 1056 
Rx 0.970429 1 1 3 1056 329119
Tx 0.9711 1 1 3 1056 
Rx 0.971442 1 1 3 1056 341599
Tx 0.9721 1 1 3 1056 
Rx 0.972442 1 1 3 1056 341599
Tx 0.9731 1 1 3 1056 
Rx 0.973442 1 1 3 1056 341599
Tx 0.9741 1 1 3 1056 
Rx 0.974442 1 1 3 1056 341599
Tx 0.9751 1 1 3 1056 
Rx 0.975442 1 1 3 1056 341599
Tx 0.9761 1 1 3 1056 
Rx 0.976442 1 1 3 1056 341599
Tx 0.9771 1 1 3 1056 
Rx 0.977442 1 1 3 1056 341599
Tx 0.9781 1 1 3 1056 
Rx 0.978442 1 1 3 1056 341599
Tx 0.9791 1 1 3 1056 
Rx 0.979442 1 1 3 1056 341599
Tx 0.9801 1 1 3 1056 
Rx 0.980442 1 1 3 1056 341599
Tx 0.9811 1 1 3 1056 
Rx 0.981442 1 1 3 1056 341599
Tx 0.9821 1 1 3 1056 
Rx 0.982442 1 1 3 1056 341599
Tx 0.9831 1 1 3 1056 
Rx 0.983442 1 1 3 1056 341599
Tx 0.9841 1 1 3 1056 
Rx 0.984442 1 1 3 1056 341599
Tx 0.9851 1 1 3 1056 
Rx 0.985442 1 1 3 1056 341599
Tx 0.9861 1 1 3 1056 
Rx 0.986429 1 1 3 1056 329119
Tx 0.9871 1 1 3 1056 
Rx 0.987429 1 1 3 1056 329119
Tx 0.9881 1 1 3 1056 
Rx 0.988429 1 1 3 1056 329119
Tx 0.9891 1 1 3 1056 
Rx 0.989429 1 1 3 1056 329119
Tx 0.9901 1 1 3 1056 
Tx 0.9911 1 1 3 1056 
Rx 0.991442 1 1 3 1056 341599
Tx 0.9921 1 1 3 1056 
Rx 0.992442 1 1 3 1056 341599
Tx 0.9931 1 1 3 1056 
Rx 0.993442 1 1 3 1056 341599
Tx 0.9941 1 1 3 1056 
Rx 0.994442 1 1 3 1056 341599
Tx 0.9951 1 1 3 1056 
Rx 0.995442 1 1 3 1056 341599
Tx 0.9961 1 1 3 1056 
Rx 0.996442 1 1 3 1056 341599
Tx 0.9971 1 1 3 1056 
Rx 0.997442 1 1 3 1056 341599
Tx 0.9981 1 1 3 1056 
Rx 0.998442 1 1 3 1056 341599
Tx 0.9991 1 1 3 1056 
Rx 0.999442 1 1 3 1056 341599
